
10
29115
1
250
21:14:49
20
29285
1
281
21:14:49
30
29342
1
313
21:14:49
40
29354
1
344
21:14:49
50
29368
1
375
21:14:49
60
29133
1
406
21:14:49
70
29349
1
437
21:14:49
80
29335
1
469
21:14:49
90
29318
1
500
21:14:49
100
29177
1
531
21:14:49
110
29268
1
562
21:14:49
120
29286
1
593
21:14:49
130
29183
1
625
21:14:49
140
29022
1
656
21:14:49
150
29160
1
687
21:14:49
160
29204
1
718
21:14:49
170
29139
1
749
21:14:49
180
29364
1
781
21:14:50
190
29334
1
812
21:14:50
200
29221
1
843
21:14:50
210
29194
1
874
21:14:50
220
29369
1
905
21:14:50
230
29300
1
937
21:14:50
240
29181
1
968
21:14:50
250
29283
1
999
21:14:50
260
28981
1
1030
21:14:50
270
29401
1
1061
21:14:50
280
29175
1
1093
21:14:50
290
29431
1
1125
21:14:50
300
29217
1
1156
21:14:50
310
29205
1
1187
21:14:50
