
10
29088
1
14475
23:26:59
20
29155
1
14507
23:26:59
30
29421
1
14539
23:26:59
40
29145
1
14570
23:26:59
50
29042
1
14601
23:26:59
60
29261
1
14632
23:26:59
70
30377
1
14663
23:26:59
80
29672
1
14695
23:26:59
90
28781
1
14726
23:26:59
100
28903
1
14757
23:26:59
110
29193
1
14788
23:26:59
120
29715
1
14819
23:27:00
130
28833
1
14851
23:27:00
140
28725
1
14882
23:27:00
150
29321
1
14913
23:27:00
160
29476
1
14944
23:27:00
170
28859
1
14975
23:27:00
180
29236
1
15007
23:27:00
190
29511
1
15038
23:27:00
200
29316
1
15069
23:27:00
210
29091
1
15100
23:27:00
220
29239
1
15131
23:27:00
230
29036
1
15163
23:27:00
240
28998
1
15194
23:27:00
250
29107
1
15225
23:27:00
260
29383
1
15256
23:27:00
270
29310
1
15287
23:27:00
280
29204
1
15319
23:27:00
