
10
22407
1
20
21323
1
30
43693
1
40
34062
1
50
-23756
1
60
31899
1
70
-18135
1
80
33623
1
90
-4771
1
100
12952
1
110
44547
1
120
-29268
1
130
-8315
1
140
32727
1
150
28874
1
160
16041
1
170
1344
1
180
-29300
1
190
-1426
1
200
35266
1
210
322
1
220
753
1
230
38341
1
240
-44678
1
250
-39941
1
260
-46602
1
270
-41393
1
280
-17919
1
290
-25849
1
300
-29140
1
310
17248
1
320
38527
1
330
16497
1
340
-4836
1
350
33185
1
360
13634
1
370
6270
1
380
-28819
1
390
15638
1
400
-459
1
410
-38007
1
420
4177
1
430
22449
1
440
47386
1
450
24343
1
460
-15481
1
470
-9008
1
480
-9310
1
490
15319
1
500
-19036
1
510
-43977
1
520
-30856
1
530
-20038
1
540
8368
1
550
-19747
1
560
35505
1
570
26145
1
580
-4347
1
590
-24548
1
600
43525
1
610
37745
1
620
15512
1
630
-15413
1
640
-4177
1
650
-13000
1
660
-11353
1
670
28795
1
680
-22752
1
690
13017
1
700
42137
1
710
-3070
1
720
11408
1
730
-34906
1
740
-15827
1
750
-30080
1
760
-44085
1
770
31863
1
780
-44578
1
790
27437
1
800
-4649
1
810
-9665
1
820
31147
1
830
-19902
1
840
34
1
850
12416
1
860
-22448
1
870
6875
1
880
-6620
1
890
-39159
1
900
10832
1
910
-45521
1
920
10957
1
930
-8806
1
940
-31877
1
950
-26937
1
960
40348
1
970
-47698
1
980
-24289
1
990
21014
1
1000
2443
1
1010
43306
1
1020
-8139
1
1030
-29577
1
1040
-27943
1
1050
42500
1
1060
9055
1
