
10
29022
1
656
21:14:49
20
29160
1
687
21:14:49
30
29204
1
718
21:14:49
40
29139
1
749
21:14:49
50
29364
1
781
21:14:50
60
29334
1
812
21:14:50
70
29221
1
843
21:14:50
80
29194
1
874
21:14:50
90
29369
1
905
21:14:50
100
29300
1
937
21:14:50
110
29181
1
968
21:14:50
120
29283
1
999
21:14:50
130
28981
1
1030
21:14:50
140
29401
1
1061
21:14:50
150
29175
1
1093
21:14:50
160
29431
1
1125
21:14:50
170
29217
1
1156
21:14:50
180
29205
1
1187
21:14:50
190
29314
1
1218
21:14:50
200
29295
1
1250
21:14:50
210
29305
1
1281
21:14:50
220
29276
1
1312
21:14:50
230
29183
1
1343
21:14:50
240
29233
1
1374
21:14:50
250
29367
1
1406
21:14:50
260
29127
1
1437
21:14:50
270
29362
1
1468
21:14:50
280
29042
1
1499
21:14:50
290
29345
1
1530
21:14:50
300
29071
1
1562
21:14:50
310
29130
1
1593
21:14:50
320
29205
1
1624
21:14:50
330
29191
1
1655
21:14:50
340
29153
1
1686
21:14:50
350
29253
1
1718
21:14:50
