
10
29349
1
422
23:26:45
20
29335
1
453
23:26:45
30
29318
1
485
23:26:45
40
29177
1
516
23:26:45
50
29268
1
547
23:26:45
60
29286
1
578
23:26:45
70
29183
1
609
23:26:45
80
29022
1
641
23:26:45
90
29160
1
672
23:26:45
100
29204
1
703
23:26:45
110
29139
1
734
23:26:45
120
29364
1
765
23:26:45
130
29334
1
797
23:26:45
140
29221
1
828
23:26:46
150
29194
1
859
23:26:46
160
29369
1
890
23:26:46
170
29300
1
921
23:26:46
180
29181
1
953
23:26:46
190
29283
1
984
23:26:46
200
28981
1
1015
23:26:46
210
29401
1
1046
23:26:46
220
29175
1
1077
23:26:46
230
29431
1
1110
23:26:46
240
29217
1
1141
23:26:46
250
29205
1
1172
23:26:46
260
29314
1
1203
23:26:46
270
29295
1
1234
23:26:46
280
29305
1
1266
23:26:46
290
29276
1
1297
23:26:46
300
29183
1
1328
23:26:46
310
29233
1
1359
23:26:46
320
29367
1
1390
23:26:46
330
29127
1
1422
23:26:46
340
29362
1
1453
23:26:46
350
29042
1
1484
23:26:46
360
29345
1
1515
23:26:46
370
29071
1
1546
23:26:46
380
29130
1
1578
23:26:46
390
29205
1
1609
23:26:46
400
29191
1
1640
23:26:46
410
29153
1
1671
23:26:46
420
29253
1
1702
23:26:46
430
29313
1
1734
23:26:46
440
29050
1
1765
23:26:46
450
29174
1
1796
23:26:46
460
29239
1
1827
23:26:47
470
29069
1
1858
23:26:47
480
29303
1
1890
23:26:47
490
29367
1
1921
23:26:47
500
29316
1
1952
23:26:47
510
29193
1
1983
23:26:47
520
29139
1
2014
23:26:47
530
29248
1
2046
23:26:47
540
29290
1
2077
23:26:47
550
29179
1
2108
23:26:47
560
29175
1
2140
23:26:47
570
29291
1
2171
23:26:47
580
29279
1
2203
23:26:47
590
29137
1
2234
23:26:47
600
29379
1
2265
23:26:47
610
29305
1
2296
23:26:47
620
29437
1
2327
23:26:47
630
29523
1
2359
23:26:47
640
29097
1
2390
23:26:47
650
29211
1
2421
23:26:47
