
10
29347
1
31
21:14:49
20
29389
1
62
21:14:49
30
29227
1
94
21:14:49
40
29087
1
125
21:14:49
50
29171
1
157
21:14:49
60
29061
1
188
21:14:49
70
29231
1
219
21:14:49
80
29115
1
250
21:14:49
90
29285
1
281
21:14:49
100
29342
1
313
21:14:49
110
29354
1
344
21:14:49
120
29368
1
375
21:14:49
130
29133
1
406
21:14:49
140
29349
1
437
21:14:49
150
29335
1
469
21:14:49
160
29318
1
500
21:14:49
170
29177
1
531
21:14:49
180
29268
1
562
21:14:49
190
29286
1
593
21:14:49
200
29183
1
625
21:14:49
210
29022
1
656
21:14:49
220
29160
1
687
21:14:49
230
29204
1
718
21:14:49
240
29139
1
749
21:14:49
250
29364
1
781
21:14:50
260
29334
1
812
21:14:50
270
29221
1
843
21:14:50
280
29194
1
874
21:14:50
290
29369
1
905
21:14:50
300
29300
1
937
21:14:50
310
29181
1
968
21:14:50
320
29283
1
999
21:14:50
330
28981
1
1030
21:14:50
340
29401
1
1061
21:14:50
350
29175
1
1093
21:14:50
360
29431
1
1125
21:14:50
370
29217
1
1156
21:14:50
380
29205
1
1187
21:14:50
390
29314
1
1218
21:14:50
400
29295
1
1250
21:14:50
410
29305
1
1281
21:14:50
420
29276
1
1312
21:14:50
430
29183
1
1343
21:14:50
440
29233
1
1374
21:14:50
450
29367
1
1406
21:14:50
460
29127
1
1437
21:14:50
470
29362
1
1468
21:14:50
480
29042
1
1499
21:14:50
490
29345
1
1530
21:14:50
500
29071
1
1562
21:14:50
510
29130
1
1593
21:14:50
520
29205
1
1624
21:14:50
530
29191
1
1655
21:14:50
540
29153
1
1686
21:14:50
550
29253
1
1718
21:14:50
560
29313
1
1749
21:14:50
570
29050
1
1780
21:14:51
580
29174
1
1811
21:14:51
590
29239
1
1842
21:14:51
600
29069
1
1874
21:14:51
610
29303
1
1905
21:14:51
620
29367
1
1936
21:14:51
630
29316
1
1967
21:14:51
640
29193
1
1998
21:14:51
650
29139
1
2030
21:14:51
660
29248
1
2061
21:14:51
670
29290
1
2092
21:14:51
680
29179
1
2123
21:14:51
690
29175
1
2155
21:14:51
700
29291
1
2187
21:14:51
710
29279
1
2218
21:14:51
720
29137
1
2249
21:14:51
730
29379
1
2280
21:14:51
740
29305
1
2311
21:14:51
750
29437
1
2343
21:14:51
760
29523
1
2374
21:14:51
770
29097
1
2405
21:14:51
780
29211
1
2436
21:14:51
790
29165
1
2467
21:14:51
800
29339
1
2499
21:14:51
810
29163
1
2530
21:14:51
820
29198
1
2561
21:14:51
830
29310
1
2592
21:14:51
840
29197
1
2623
21:14:51
850
29261
1
2655
21:14:51
860
29350
1
2686
21:14:51
870
29230
1
2717
21:14:51
880
29108
1
2748
21:14:51
890
29167
1
2779
21:14:52
900
29320
1
2811
21:14:52
910
29290
1
2842
21:14:52
920
29318
1
2873
21:14:52
930
29247
1
2904
21:14:52
940
29134
1
2935
21:14:52
950
29289
1
2967
21:14:52
960
29221
1
2998
21:14:52
970
29487
1
3029
21:14:52
980
29471
1
3060
21:14:52
990
29460
1
3091
21:14:52
1000
29263
1
3123
21:14:52
1010
29301
1
3154
21:14:52
1020
29222
1
3186
21:14:52
1030
29355
1
3217
21:14:52
1040
29222
1
3248
21:14:52
1050
29222
1
3280
21:14:52
1060
29283
1
3311
21:14:52
1070
29331
1
3342
21:14:52
1080
29366
1
3373
21:14:52
1090
29180
1
3404
21:14:52
1100
29430
1
3436
21:14:52
1110
29255
1
3467
21:14:52
1120
29459
1
3498
21:14:52
1130
29147
1
3529
21:14:52
1140
29193
1
3560
21:14:52
1150
29271
1
3592
21:14:52
1160
29311
1
3623
21:14:52
1170
29370
1
3654
21:14:52
1180
29431
1
3685
21:14:52
1190
29486
1
3716
21:14:52
1200
29326
1
3748
21:14:52
1210
29377
1
3779
21:14:53
1220
29221
1
3810
21:14:53
1230
29484
1
3841
21:14:53
1240
29158
1
3872
21:14:53
1250
29277
1
3904
21:14:53
1260
29252
1
3935
21:14:53
1270
29205
1
3966
21:14:53
1280
29482
1
3997
21:14:53
1290
29185
1
4028
21:14:53
1300
29163
1
4060
21:14:53
1310
29221
1
4091
21:14:53
1320
29458
1
4122
21:14:53
1330
29290
1
4153
21:14:53
1340
29224
1
4184
21:14:53
1350
29287
1
4217
21:14:53
1360
29127
1
4248
21:14:53
1370
29159
1
4279
21:14:53
1380
29175
1
4310
21:14:53
1390
29335
1
4341
21:14:53
1400
29267
1
4373
21:14:53
1410
29191
1
4404
21:14:53
1420
29547
1
4435
21:14:53
1430
29502
1
4466
21:14:53
1440
29243
1
4497
21:14:53
1450
29375
1
4529
21:14:53
1460
29277
1
4560
21:14:53
1470
29235
1
4591
21:14:53
1480
29232
1
4622
21:14:53
1490
29433
1
4653
21:14:53
1500
29481
1
4685
21:14:53
1510
29523
1
4716
21:14:53
1520
29294
1
4747
21:14:53
1530
29289
1
4778
21:14:54
1540
29259
1
4809
21:14:54
1550
29253
1
4841
21:14:54
1560
29354
1
4872
21:14:54
1570
29359
1
4903
21:14:54
1580
29277
1
4934
21:14:54
1590
29417
1
4965
21:14:54
1600
29343
1
4997
21:14:54
1610
29150
1
5028
21:14:54
1620
29331
1
5059
21:14:54
1630
29454
1
5090
21:14:54
1640
29008
1
5121
21:14:54
1650
29098
1
5153
21:14:54
1660
29380
1
5184
21:14:54
1670
29325
1
5215
21:14:54
1680
29369
1
5247
21:14:54
1690
29208
1
5278
21:14:54
1700
29223
1
5310
21:14:54
1710
29358
1
5341
21:14:54
1720
29423
1
5372
21:14:54
1730
29217
1
5403
21:14:54
1740
29279
1
5434
21:14:54
1750
29175
1
5466
21:14:54
1760
29289
1
5497
21:14:54
1770
29284
1
5528
21:14:54
1780
29303
1
5559
21:14:54
1790
29199
1
5590
21:14:54
1800
29093
1
5622
21:14:54
1810
29295
1
5653
21:14:54
1820
29313
1
5684
21:14:54
1830
29304
1
5715
21:14:54
1840
29337
1
5746
21:14:54
1850
29499
1
5778
21:14:55
1860
29406
1
5809
21:14:55
1870
29319
1
5840
21:14:55
1880
29405
1
5871
21:14:55
1890
29365
1
5902
21:14:55
1900
29053
1
5934
21:14:55
1910
29336
1
5965
21:14:55
1920
29439
1
5996
21:14:55
1930
29353
1
6027
21:14:55
1940
29266
1
6058
21:14:55
1950
29141
1
6090
21:14:55
1960
29350
1
6121
21:14:55
1970
29263
1
6152
21:14:55
1980
29273
1
6183
21:14:55
1990
29536
1
6214
21:14:55
2000
29179
1
6246
21:14:55
2010
29430
1
6278
21:14:55
2020
29550
1
6309
21:14:55
2030
29351
1
6340
21:14:55
2040
29179
1
6371
21:14:55
2050
29359
1
6403
21:14:55
2060
29353
1
6434
21:14:55
2070
29224
1
6465
21:14:55
2080
29415
1
6496
21:14:55
2090
29424
1
6527
21:14:55
2100
29253
1
6559
21:14:55
2110
29371
1
6590
21:14:55
2120
29372
1
6621
21:14:55
2130
29268
1
6652
21:14:55
2140
29226
1
6683
21:14:55
2150
29360
1
6715
21:14:55
2160
29215
1
6746
21:14:55
2170
29085
1
6777
21:14:56
2180
29354
1
6808
21:14:56
2190
29446
1
6839
21:14:56
2200
29533
1
6871
21:14:56
2210
29266
1
6902
21:14:56
2220
29264
1
6933
21:14:56
2230
29331
1
6964
21:14:56
2240
29360
1
6995
21:14:56
2250
29270
1
7027
21:14:56
2260
29267
1
7058
21:14:56
2270
29117
1
7089
21:14:56
2280
29259
1
7120
21:14:56
2290
29361
1
7151
21:14:56
2300
29367
1
7183
21:14:56
2310
29315
1
7214
21:14:56
2320
29558
1
7245
21:14:56
2330
29456
1
7276
21:14:56
2340
29419
1
7308
21:14:56
2350
29499
1
7340
21:14:56
2360
29611
1
7371
21:14:56
2370
29135
1
7402
21:14:56
2380
29475
1
7433
21:14:56
2390
29365
1
7464
21:14:56
2400
29026
1
7496
21:14:56
2410
29347
1
7527
21:14:56
2420
29479
1
7558
21:14:56
2430
29219
1
7589
21:14:56
2440
29259
1
7620
21:14:56
2450
29444
1
7652
21:14:56
2460
29323
1
7683
21:14:56
2470
29108
1
7714
21:14:56
2480
29157
1
7745
21:14:56
2490
29437
1
7776
21:14:57
2500
29269
1
7808
21:14:57
2510
29277
1
7839
21:14:57
2520
29541
1
7870
21:14:57
2530
29265
1
7901
21:14:57
2540
29171
1
7932
21:14:57
2550
29617
1
7964
21:14:57
2560
29659
1
7995
21:14:57
2570
29057
1
8026
21:14:57
2580
29224
1
8057
21:14:57
2590
29365
1
8088
21:14:57
2600
29184
1
8120
21:14:57
2610
29285
1
8151
21:14:57
2620
29391
1
8182
21:14:57
2630
29309
1
8213
21:14:57
2640
29237
1
8244
21:14:57
2650
29081
1
8276
21:14:57
2660
29001
1
8307
21:14:57
2670
28896
1
8339
21:14:57
2680
28954
1
8370
21:14:57
2690
29172
1
8401
21:14:57
2700
28997
1
8433
21:14:57
2710
29158
1
8464
21:14:57
2720
29451
1
8495
21:14:57
2730
29505
1
8526
21:14:57
2740
29079
1
8557
21:14:57
2750
28895
1
8589
21:14:57
2760
29042
1
8620
21:14:57
2770
29348
1
8651
21:14:57
2780
28846
1
8682
21:14:57
2790
29065
1
8713
21:14:57
2800
29281
1
8745
21:14:57
2810
29328
1
8776
21:14:58
2820
29164
1
8807
21:14:58
2830
28812
1
8838
21:14:58
2840
29342
1
8869
21:14:58
2850
29371
1
8901
21:14:58
2860
29997
1
8932
21:14:58
2870
29259
1
8963
21:14:58
2880
28899
1
8994
21:14:58
2890
29135
1
9025
21:14:58
2900
28994
1
9057
21:14:58
2910
29422
1
9088
21:14:58
2920
28934
1
9119
21:14:58
2930
28577
1
9150
21:14:58
2940
29393
1
9181
21:14:58
2950
28935
1
9213
21:14:58
2960
29105
1
9244
21:14:58
2970
29402
1
9275
21:14:58
2980
29224
1
9306
21:14:58
2990
29393
1
9337
21:14:58
3000
28642
1
9370
21:14:58
3010
29398
1
9401
21:14:58
3020
28875
1
9432
21:14:58
3030
29141
1
9463
21:14:58
3040
29056
1
9494
21:14:58
3050
29463
1
9526
21:14:58
3060
29067
1
9557
21:14:58
3070
29049
1
9588
21:14:58
3080
28918
1
9619
21:14:58
3090
29271
1
9650
21:14:58
3100
29166
1
9682
21:14:58
3110
29401
1
9713
21:14:58
3120
29399
1
9744
21:14:58
3130
28874
1
9775
21:14:59
3140
28837
1
9806
21:14:59
3150
29573
1
9838
21:14:59
3160
29501
1
9869
21:14:59
3170
29053
1
9900
21:14:59
3180
29405
1
9931
21:14:59
3190
29261
1
9962
21:14:59
3200
29100
1
9994
21:14:59
3210
28793
1
10025
21:14:59
3220
29393
1
10056
21:14:59
3230
29326
1
10087
21:14:59
3240
29273
1
10118
21:14:59
3250
29290
1
10150
21:14:59
3260
29249
1
10181
21:14:59
3270
29009
1
10212
21:14:59
3280
29145
1
10243
21:14:59
3290
29213
1
10274
21:14:59
3300
29218
1
10306
21:14:59
3310
29274
1
10337
21:14:59
3320
29337
1
10368
21:14:59
3330
29111
1
10400
21:14:59
3340
29157
1
10431
21:14:59
3350
29395
1
10463
21:14:59
3360
29287
1
10494
21:14:59
3370
29270
1
10525
21:14:59
3380
29225
1
10556
21:14:59
3390
29428
1
10587
21:14:59
3400
29283
1
10619
21:14:59
3410
29212
1
10650
21:14:59
3420
29244
1
10681
21:14:59
3430
29352
1
10712
21:14:59
3440
29307
1
10743
21:14:59
3450
29545
1
10775
21:15:00
3460
29177
1
10806
21:15:00
3470
29118
1
10837
21:15:00
3480
29243
1
10868
21:15:00
3490
29487
1
10899
21:15:00
3500
29379
1
10931
21:15:00
3510
29264
1
10962
21:15:00
3520
29403
1
10993
21:15:00
3530
29325
1
11024
21:15:00
3540
29240
1
11055
21:15:00
3550
29291
1
11087
21:15:00
3560
29533
1
11118
21:15:00
3570
29245
1
11149
21:15:00
3580
29243
1
11180
21:15:00
3590
29352
1
11211
21:15:00
3600
29297
1
11243
21:15:00
3610
29607
1
11274
21:15:00
3620
29514
1
11305
21:15:00
3630
29193
1
11336
21:15:00
3640
29218
1
11367
21:15:00
3650
29330
1
11399
21:15:00
3660
29365
1
11431
21:15:00
3670
29065
1
11462
21:15:00
3680
29389
1
11493
21:15:00
3690
29280
1
11524
21:15:00
3700
29403
1
11556
21:15:00
3710
29167
1
11587
21:15:00
3720
29207
1
11618
21:15:00
3730
29155
1
11649
21:15:00
3740
29023
1
11680
21:15:00
3750
29384
1
11712
21:15:00
3760
29406
1
11743
21:15:00
3770
29244
1
11774
21:15:01
3780
29317
1
11805
21:15:01
3790
29473
1
11836
21:15:01
3800
29043
1
11868
21:15:01
3810
29197
1
11899
21:15:01
3820
29382
1
11930
21:15:01
3830
29355
1
11961
21:15:01
3840
29179
1
11992
21:15:01
3850
29323
1
12024
21:15:01
3860
29393
1
12055
21:15:01
3870
28955
1
12086
21:15:01
3880
28979
1
12117
21:15:01
3890
29511
1
12148
21:15:01
3900
29262
1
12180
21:15:01
3910
29183
1
12211
21:15:01
3920
29140
1
12242
21:15:01
3930
29104
1
12273
21:15:01
3940
28979
1
12304
21:15:01