
10
29347
1
20
29389
1
30
29227
1
40
29087
1
50
29171
1
60
29061
1
70
29231
1
80
29115
1
90
29285
1
100
29342
1
110
29354
1
120
29368
1
130
29133
1
140
29349
1
150
29335
1
160
29318
1
170
29177
1
180
29268
1
190
29286
1
200
29183
1
210
29022
1
220
29160
1
230
29204
1
240
29139
1
250
29364
1
260
29334
1
270
29221
1
280
29194
1
290
29369
1
300
29300
1
310
29181
1
320
29283
1
330
28981
1
340
29401
1
350
29175
1
360
29431
1
370
29217
1
380
29205
1
390
29314
1
400
29295
1
410
29305
1
420
29276
1
430
29183
1
440
29233
1
450
29367
1
460
29127
1
470
29362
1
480
29042
1
490
29345
1
500
29071
1
510
29130
1
520
29205
1
530
29191
1
540
29153
1
550
29253
1
560
29313
1
570
29050
1
580
29174
1
590
29239
1
600
29069
1
610
29303
1
620
29367
1
630
29316
1
640
29193
1
650
29139
1
660
29248
1
670
29290
1
680
29179
1
690
29175
1
700
29291
1
710
29279
1
720
29137
1
730
29379
1
740
29305
1
750
29437
1
760
29523
1
770
29097
1
780
29211
1
790
29165
1
800
29339
1
810
29163
1
820
29198
1
830
29310
1
840
29197
1
850
29261
1
860
29350
1
870
29230
1
880
29108
1
890
29167
1
900
29320
1
910
29290
1
920
29318
1
930
29247
1
940
29134
1
950
29289
1
960
29221
1
970
29487
1
980
29471
1
990
29460
1
1000
29263
1
1010
29301
1
1020
29222
1
1030
29355
1
1040
29222
1
1050
29222
1
1060
29283
1
1070
29331
1
1080
29366
1
1090
29180
1
1100
29430
1
1110
29255
1
1120
29459
1
1130
29147
1
1140
29193
1
1150
29271
1
1160
29311
1
1170
29370
1
1180
29431
1
1190
29486
1
1200
29326
1
1210
29377
1
1220
29221
1
1230
29484
1
1240
29158
1
1250
29277
1
1260
29252
1
1270
29205
1
1280
29482
1
1290
29185
1
1300
29163
1
1310
29221
1
1320
29458
1
1330
29290
1
1340
29224
1
1350
29287
1
1360
29127
1
1370
29159
1
1380
29175
1
1390
29335
1
1400
29267
1
1410
29191
1
1420
29547
1
1430
29502
1
1440
29243
1
1450
29375
1
1460
29277
1
1470
29235
1
1480
29232
1
1490
29433
1
1500
29481
1
1510
29523
1
1520
29294
1