
10
29347
1
16
23:26:45
20
29389
1
47
23:26:45
30
29227
1
79
23:26:45
40
29087
1
110
23:26:45
50
29171
1
141
23:26:45
60
29061
1
173
23:26:45
70
29231
1
204
23:26:45
80
29115
1
235
23:26:45
90
29285
1
266
23:26:45
100
29342
1
297
23:26:45
110
29354
1
329
23:26:45
120
29368
1
360
23:26:45
130
29133
1
391
23:26:45
140
29349
1
422
23:26:45
150
29335
1
453
23:26:45
160
29318
1
485
23:26:45
170
29177
1
516
23:26:45
180
29268
1
547
23:26:45
190
29286
1
578
23:26:45
200
29183
1
609
23:26:45
210
29022
1
641
23:26:45
220
29160
1
672
23:26:45
230
29204
1
703
23:26:45
240
29139
1
734
23:26:45
250
29364
1
765
23:26:45
260
29334
1
797
23:26:45
270
29221
1
828
23:26:46
280
29194
1
859
23:26:46
290
29369
1
890
23:26:46
300
29300
1
921
23:26:46
310
29181
1
953
23:26:46
320
29283
1
984
23:26:46
330
28981
1
1015
23:26:46
340
29401
1
1046
23:26:46
350
29175
1
1077
23:26:46
360
29431
1
1110
23:26:46
370
29217
1
1141
23:26:46
380
29205
1
1172
23:26:46
390
29314
1
1203
23:26:46
400
29295
1
1234
23:26:46
410
29305
1
1266
23:26:46
420
29276
1
1297
23:26:46
430
29183
1
1328
23:26:46
440
29233
1
1359
23:26:46
450
29367
1
1390
23:26:46
460
29127
1
1422
23:26:46
470
29362
1
1453
23:26:46
480
29042
1
1484
23:26:46
490
29345
1
1515
23:26:46
500
29071
1
1546
23:26:46
510
29130
1
1578
23:26:46
520
29205
1
1609
23:26:46
530
29191
1
1640
23:26:46
540
29153
1
1671
23:26:46
550
29253
1
1702
23:26:46
560
29313
1
1734
23:26:46
570
29050
1
1765
23:26:46
580
29174
1
1796
23:26:46
590
29239
1
1827
23:26:47
600
29069
1
1858
23:26:47
610
29303
1
1890
23:26:47
620
29367
1
1921
23:26:47
630
29316
1
1952
23:26:47
640
29193
1
1983
23:26:47
650
29139
1
2014
23:26:47
660
29248
1
2046
23:26:47
670
29290
1
2077
23:26:47
680
29179
1
2108
23:26:47
690
29175
1
2140
23:26:47
700
29291
1
2171
23:26:47
710
29279
1
2203
23:26:47
720
29137
1
2234
23:26:47
730
29379
1
2265
23:26:47
740
29305
1
2296
23:26:47
750
29437
1
2327
23:26:47
760
29523
1
2359
23:26:47
770
29097
1
2390
23:26:47
780
29211
1
2421
23:26:47
790
29165
1
2452
23:26:47
800
29339
1
2483
23:26:47
810
29163
1
2515
23:26:47
820
29198
1
2546
23:26:47
830
29310
1
2577
23:26:47
840
29197
1
2608
23:26:47
850
29261
1
2639
23:26:47
860
29350
1
2671
23:26:47
870
29230
1
2702
23:26:47
880
29108
1
2733
23:26:47
890
29167
1
2764
23:26:47
900
29320
1
2795
23:26:47
910
29290
1
2827
23:26:48
920
29318
1
2858
23:26:48
930
29247
1
2889
23:26:48
940
29134
1
2920
23:26:48
950
29289
1
2951
23:26:48
960
29221
1
2983
23:26:48
970
29487
1
3014
23:26:48
980
29471
1
3045
23:26:48
990
29460
1
3076
23:26:48
1000
29263
1
3107
23:26:48
1010
29301
1
3139
23:26:48
1020
29222
1
3171
23:26:48
1030
29355
1
3202
23:26:48
1040
29222
1
3233
23:26:48
1050
29222
1
3264
23:26:48
1060
29283
1
3296
23:26:48
1070
29331
1
3327
23:26:48
1080
29366
1
3358
23:26:48
1090
29180
1
3389
23:26:48
1100
29430
1
3420
23:26:48
1110
29255
1
3452
23:26:48
1120
29459
1
3483
23:26:48
1130
29147
1
3514
23:26:48
1140
29193
1
3545
23:26:48
1150
29271
1
3576
23:26:48
1160
29311
1
3608
23:26:48
1170
29370
1
3639
23:26:48
1180
29431
1
3670
23:26:48
1190
29486
1
3701
23:26:48
1200
29326
1
3732
23:26:48
1210
29377
1
3764
23:26:48
1220
29221
1
3795
23:26:48
1230
29484
1
3826
23:26:49
1240
29158
1
3857
23:26:49
1250
29277
1
3888
23:26:49
1260
29252
1
3920
23:26:49
1270
29205
1
3951
23:26:49
1280
29482
1
3982
23:26:49
1290
29185
1
4013
23:26:49
1300
29163
1
4044
23:26:49
1310
29221
1
4076
23:26:49
1320
29458
1
4107
23:26:49
1330
29290
1
4138
23:26:49
1340
29224
1
4169
23:26:49
1350
29287
1
4201
23:26:49
1360
29127
1
4233
23:26:49
1370
29159
1
4264
23:26:49
1380
29175
1
4295
23:26:49
1390
29335
1
4326
23:26:49
1400
29267
1
4357
23:26:49
1410
29191
1
4389
23:26:49
1420
29547
1
4420
23:26:49
1430
29502
1
4451
23:26:49
1440
29243
1
4482
23:26:49
1450
29375
1
4513
23:26:49
1460
29277
1
4545
23:26:49
1470
29235
1
4576
23:26:49
1480
29232
1
4607
23:26:49
1490
29433
1
4638
23:26:49
1500
29481
1
4669
23:26:49
1510
29523
1
4701
23:26:49
1520
29294
1
4732
23:26:49
1530
29289
1
4763
23:26:49
1540
29259
1
4794
23:26:49
1550
29253
1
4825
23:26:50
1560
29354
1
4857
23:26:50
1570
29359
1
4888
23:26:50
1580
29277
1
4919
23:26:50
1590
29417
1
4950
23:26:50
1600
29343
1
4981
23:26:50
1610
29150
1
5013
23:26:50
1620
29331
1
5044
23:26:50
1630
29454
1
5075
23:26:50
1640
29008
1
5106
23:26:50
1650
29098
1
5137
23:26:50
1660
29380
1
5169
23:26:50
1670
29325
1
5200
23:26:50
1680
29369
1
5232
23:26:50
1690
29208
1
5263
23:26:50
1700
29223
1
5294
23:26:50
1710
29358
1
5326
23:26:50
1720
29423
1
5357
23:26:50
1730
29217
1
5388
23:26:50
1740
29279
1
5419
23:26:50
1750
29175
1
5450
23:26:50
1760
29289
1
5482
23:26:50
1770
29284
1
5513
23:26:50
1780
29303
1
5544
23:26:50
1790
29199
1
5575
23:26:50
1800
29093
1
5606
23:26:50
1810
29295
1
5638
23:26:50
1820
29313
1
5669
23:26:50
1830
29304
1
5700
23:26:50
1840
29337
1
5731
23:26:50
1850
29499
1
5762
23:26:50
1860
29406
1
5794
23:26:50
1870
29319
1
5825
23:26:51
1880
29405
1
5856
23:26:51
1890
29365
1
5887
23:26:51
1900
29053
1
5918
23:26:51
1910
29336
1
5950
23:26:51
1920
29439
1
5981
23:26:51
1930
29353
1
6012
23:26:51
1940
29266
1
6043
23:26:51
1950
29141
1
6074
23:26:51
1960
29350
1
6106
23:26:51
1970
29263
1
6137
23:26:51
1980
29273
1
6168
23:26:51
1990
29536
1
6199
23:26:51
2000
29179
1
6230
23:26:51
2010
29430
1
6263
23:26:51
2020
29550
1
6294
23:26:51
2030
29351
1
6325
23:26:51
2040
29179
1
6356
23:26:51
2050
29359
1
6387
23:26:51
2060
29353
1
6419
23:26:51
2070
29224
1
6450
23:26:51
2080
29415
1
6481
23:26:51
2090
29424
1
6512
23:26:51
2100
29253
1
6543
23:26:51
2110
29371
1
6575
23:26:51
2120
29372
1
6606
23:26:51
2130
29268
1
6637
23:26:51
2140
29226
1
6668
23:26:51
2150
29360
1
6699
23:26:51
2160
29215
1
6731
23:26:51
2170
29085
1
6762
23:26:51
2180
29354
1
6793
23:26:51
2190
29446
1
6824
23:26:52
2200
29533
1
6855
23:26:52
2210
29266
1
6887
23:26:52
2220
29264
1
6918
23:26:52
2230
29331
1
6949
23:26:52
2240
29360
1
6980
23:26:52
2250
29270
1
7011
23:26:52
2260
29267
1
7043
23:26:52
2270
29117
1
7074
23:26:52
2280
29259
1
7105
23:26:52
2290
29361
1
7136
23:26:52
2300
29367
1
7167
23:26:52
2310
29315
1
7199
23:26:52
2320
29558
1
7230
23:26:52
2330
29456
1
7261
23:26:52
2340
29419
1
7293
23:26:52
2350
29499
1
7324
23:26:52
2360
29611
1
7356
23:26:52
2370
29135
1
7387
23:26:52
2380
29475
1
7418
23:26:52
2390
29365
1
7449
23:26:52
2400
29026
1
7480
23:26:52
2410
29347
1
7512
23:26:52
2420
29479
1
7543
23:26:52
2430
29219
1
7574
23:26:52
2440
29259
1
7605
23:26:52
2450
29444
1
7636
23:26:52
2460
29323
1
7668
23:26:52
2470
29108
1
7699
23:26:52
2480
29157
1
7730
23:26:52
2490
29437
1
7761
23:26:52
2500
29269
1
7792
23:26:52
2510
29277
1
7824
23:26:53
2520
29541
1
7855
23:26:53
2530
29265
1
7886
23:26:53
2540
29171
1
7917
23:26:53
2550
29617
1
7948
23:26:53
2560
29659
1
7980
23:26:53
2570
29057
1
8011
23:26:53
2580
29224
1
8042
23:26:53
2590
29365
1
8073
23:26:53
2600
29184
1
8104
23:26:53
2610
29285
1
8136
23:26:53
2620
29391
1
8167
23:26:53
2630
29309
1
8198
23:26:53
2640
29237
1
8229
23:26:53
2650
29081
1
8260
23:26:53
2660
29001
1
8292
23:26:53
2670
28896
1
8324
23:26:53
2680
28954
1
8355
23:26:53
2690
29172
1
8386
23:26:53
2700
28997
1
8417
23:26:53
2710
29158
1
8449
23:26:53
2720
29451
1
8480
23:26:53
2730
29505
1
8511
23:26:53
2740
29079
1
8542
23:26:53
2750
28895
1
8573
23:26:53
2760
29042
1
8605
23:26:53
2770
29348
1
8636
23:26:53
2780
28846
1
8667
23:26:53
2790
29065
1
8698
23:26:53
2800
29281
1
8729
23:26:53
2810
29328
1
8761
23:26:53
2820
29164
1
8792
23:26:53
2830
28812
1
8823
23:26:54
2840
29342
1
8854
23:26:54
2850
29371
1
8885
23:26:54
2860
29997
1
8917
23:26:54
2870
29259
1
8948
23:26:54
2880
28899
1
8979
23:26:54
2890
29135
1
9010
23:26:54
2900
28994
1
9041
23:26:54
2910
29422
1
9073
23:26:54
2920
28934
1
9104
23:26:54
2930
28577
1
9135
23:26:54
2940
29393
1
9166
23:26:54
2950
28935
1
9197
23:26:54
2960
29105
1
9229
23:26:54
2970
29402
1
9260
23:26:54
2980
29224
1
9291
23:26:54
2990
29393
1
9322
23:26:54
3000
28642
1
9354
23:26:54
3010
29398
1
9386
23:26:54
3020
28875
1
9417
23:26:54
3030
29141
1
9448
23:26:54
3040
29056
1
9479
23:26:54
3050
29463
1
9510
23:26:54
3060
29067
1
9542
23:26:54
3070
29049
1
9573
23:26:54
3080
28918
1
9604
23:26:54
3090
29271
1
9635
23:26:54
3100
29166
1
9666
23:26:54
3110
29401
1
9698
23:26:54
3120
29399
1
9729
23:26:54
3130
28874
1
9760
23:26:54
3140
28837
1
9791
23:26:54
3150
29573
1
9822
23:26:55
3160
29501
1
9854
23:26:55
3170
29053
1
9885
23:26:55
3180
29405
1
9916
23:26:55
3190
29261
1
9947
23:26:55
3200
29100
1
9978
23:26:55
3210
28793
1
10010
23:26:55
3220
29393
1
10041
23:26:55
3230
29326
1
10072
23:26:55
3240
29273
1
10103
23:26:55
3250
29290
1
10134
23:26:55
3260
29249
1
10166
23:26:55
3270
29009
1
10197
23:26:55
3280
29145
1
10228
23:26:55
3290
29213
1
10259
23:26:55
3300
29218
1
10290
23:26:55
3310
29274
1
10322
23:26:55
3320
29337
1
10353
23:26:55
3330
29111
1
10385
23:26:55
3340
29157
1
10416
23:26:55
3350
29395
1
10447
23:26:55
3360
29287
1
10479
23:26:55
3370
29270
1
10510
23:26:55
3380
29225
1
10541
23:26:55
3390
29428
1
10572
23:26:55
3400
29283
1
10603
23:26:55
3410
29212
1
10635
23:26:55
3420
29244
1
10666
23:26:55
3430
29352
1
10697
23:26:55
3440
29307
1
10728
23:26:55
3450
29545
1
10759
23:26:55
3460
29177
1
10791
23:26:55
3470
29118
1
10822
23:26:56
3480
29243
1
10853
23:26:56
3490
29487
1
10884
23:26:56
3500
29379
1
10915
23:26:56
3510
29264
1
10947
23:26:56
3520
29403
1
10978
23:26:56
3530
29325
1
11009
23:26:56
3540
29240
1
11040
23:26:56
3550
29291
1
11071
23:26:56
3560
29533
1
11103
23:26:56
3570
29245
1
11134
23:26:56
3580
29243
1
11165
23:26:56
3590
29352
1
11196
23:26:56
3600
29297
1
11227
23:26:56
3610
29607
1
11259
23:26:56
3620
29514
1
11290
23:26:56
3630
29193
1
11321
23:26:56
3640
29218
1
11352
23:26:56
3650
29330
1
11383
23:26:56
3660
29365
1
11416
23:26:56
3670
29065
1
11447
23:26:56
3680
29389
1
11478
23:26:56
3690
29280
1
11509
23:26:56
3700
29403
1
11540
23:26:56
3710
29167
1
11572
23:26:56
3720
29207
1
11603
23:26:56
3730
29155
1
11634
23:26:56
3740
29023
1
11665
23:26:56
3750
29384
1
11696
23:26:56
3760
29406
1
11728
23:26:56
3770
29244
1
11759
23:26:56
3780
29317
1
11790
23:26:56
3790
29473
1
11821
23:26:57
3800
29043
1
11852
23:26:57
3810
29197
1
11884
23:26:57
3820
29382
1
11915
23:26:57
3830
29355
1
11946
23:26:57
3840
29179
1
11977
23:26:57
3850
29323
1
12008
23:26:57
3860
29393
1
12040
23:26:57
3870
28955
1
12071
23:26:57
3880
28979
1
12102
23:26:57
3890
29511
1
12133
23:26:57
3900
29262
1
12164
23:26:57
3910
29183
1
12196
23:26:57
3920
29140
1
12227
23:26:57
3930
29104
1
12258
23:26:57
3940
28979
1
12289
23:26:57
3950
29122
1
12320
23:26:57
3960
29347
1
12352
23:26:57
3970
29121
1
12383
23:26:57
3980
29349
1
12414
23:26:57
3990
29235
1
12446
23:26:57
4000
29150
1
12477
23:26:57
4010
29129
1
12509
23:26:57
4020
29479
1
12540
23:26:57
4030
29377
1
12571
23:26:57
4040
29098
1
12602
23:26:57
4050
29292
1
12633
23:26:57
4060
29361
1
12665
23:26:57
4070
28908
1
12696
23:26:57
4080
29092
1
12727
23:26:57
4090
29387
1
12758
23:26:57
4100
29015
1
12789
23:26:57
4110
29095
1
12821
23:26:58
4120
29324
1
12852
23:26:58
4130
29294
1
12883
23:26:58
4140
29043
1
12914
23:26:58
4150
29275
1
12945
23:26:58
4160
29401
1
12977
23:26:58
4170
29057
1
13008
23:26:58
4180
29167
1
13039
23:26:58
4190
29295
1
13070
23:26:58
4200
29236
1
13101
23:26:58
4210
29195
1
13133
23:26:58
4220
29371
1
13164
23:26:58
4230
29309
1
13195
23:26:58
4240
29053
1
13226
23:26:58
4250
29244
1
13257
23:26:58
4260
29545
1
13289
23:26:58
4270
29365
1
13320
23:26:58
4280
29109
1
13351
23:26:58
4290
29313
1
13382
23:26:58
4300
29168
1
13413
23:26:58
4310
29101
1
13445
23:26:58
4320
29301
1
13477
23:26:58
4330
29506
1
13508
23:26:58
4340
29254
1
13539
23:26:58
4350
29247
1
13570
23:26:58
4360
29301
1
13602
23:26:58
4370
28889
1
13633
23:26:58
4380
29277
1
13664
23:26:58
4390
29402
1
13695
23:26:58
4400
29273
1
13726
23:26:58
4410
29313
1
13758
23:26:58
4420
29290
1
13789
23:26:58
4430
29125
1
13820
23:26:59
4440
28966
1
13851
23:26:59
4450
29205
1
13882
23:26:59
4460
29594
1
13914
23:26:59
4470
29023
1
13945
23:26:59
4480
29301
1
13976
23:26:59
4490
29265
1
14007
23:26:59
4500
29347
1
14038
23:26:59
4510
29010
1
14070
23:26:59
4520
29421
1
14101
23:26:59
4530
29193
1
14132
23:26:59
4540
29187
1
14163
23:26:59
4550
29305
1
14194
23:26:59
4560
29482
1
14226
23:26:59
4570
29027
1
14257
23:26:59
4580
29170
1
14288
23:26:59
4590
29218
1
14319
23:26:59
4600
29267
1
14350
23:26:59
4610
29106
1
14382
23:26:59
4620
29640
1
14413
23:26:59
4630
29504
1
14444
23:26:59
4640
29088
1
14475
23:26:59
4650
29155
1
14507
23:26:59
4660
29421
1
14539
23:26:59
4670
29145
1
14570
23:26:59
4680
29042
1
14601
23:26:59
4690
29261
1
14632
23:26:59
4700
30377
1
14663
23:26:59
4710
29672
1
14695
23:26:59
4720
28781
1
14726
23:26:59
4730
28903
1
14757
23:26:59
4740
29193
1
14788
23:26:59
4750
29715
1
14819
23:27:00
4760
28833
1
14851
23:27:00
4770
28725
1
14882
23:27:00
4780
29321
1
14913
23:27:00
4790
29476
1
14944
23:27:00
4800
28859
1
14975
23:27:00
4810
29236
1
15007
23:27:00
4820
29511
1
15038
23:27:00
4830
29316
1
15069
23:27:00
4840
29091
1
15100
23:27:00
4850
29239
1
15131
23:27:00
4860
29036
1
15163
23:27:00
4870
28998
1
15194
23:27:00
4880
29107
1
15225
23:27:00
4890
29383
1
15256
23:27:00
4900
29310
1
15287
23:27:00
4910
29204
1
15319
23:27:00
4920
29124
1
15350
23:27:00
4930
29138
1
15381
23:27:00
4940
28919
1
15412
23:27:00
4950
29169
1
15443
23:27:00
4960
29449
1
15475
23:27:00
4970
28996
1
15506
23:27:00
4980
29281
1
15538
23:27:00
4990
29371
1
15569
23:27:00
5000
29031
1
15600
23:27:00
5010
28761
1
15632
23:27:00
5020
29246
1
15663
23:27:00
5030
29111
1
15694
23:27:00
5040
29034
1
15725
23:27:00
5050
29247
1
15756
23:27:00
5060
29143
1
15788
23:27:00
5070
29101
1
15819
23:27:01
5080
28967
1
15850
23:27:01
5090
28964
1
15881
23:27:01
5100
29423
1
15912
23:27:01
5110
28855
1
15944
23:27:01
5120
29198
1
15975
23:27:01
5130
29751
1
16006
23:27:01
5140
28879
1
16037
23:27:01
5150
29331
1
16068
23:27:01
5160
29127
1
16100
23:27:01
5170
29261
1
16131
23:27:01
5180
28773
1
16162
23:27:01
5190
28957
1
16193
23:27:01
5200
29447
1
16224
23:27:01
5210
29154
1
16256
23:27:01
5220
29144
1
16287
23:27:01
5230
29301
1
16318
23:27:01
5240
28946
1
16349
23:27:01
5250
29261
1
16380
23:27:01
5260
28929
1
16412
23:27:01
5270
29655
1
16443
23:27:01
5280
29094
1
16474
23:27:01
5290
29415
1
16505
23:27:01
5300
28797
1
16536
23:27:01
5310
29355
1
16569
23:27:01
5320
29039
1
16600
23:27:01
5330
29429
1
16631
23:27:01
5340
28951
1
16662
23:27:01
5350
28773
1
16693
23:27:01
5360
29625
1
16725
23:27:01
5370
29005
1
16756
23:27:01
5380
29178
1
16787
23:27:01
5390
29097
1
16818
23:27:02
5400
29461
1
16849
23:27:02
5410
29338
1
16881
23:27:02
5420
29366
1
16912
23:27:02
5430
29133
1
16943
23:27:02
5440
28757
1
16974
23:27:02
5450
29588
1
17005
23:27:02
5460
29612
1
17037
23:27:02
5470
29061
1
17068
23:27:02
5480
29239
1
17099
23:27:02
5490
29410
1
17130
23:27:02
5500
29400
1
17161
23:27:02
5510
29289
1
17193
23:27:02
5520
29213
1
17224
23:27:02
5530
29713
1
17255
23:27:02
5540
29031
1
17286
23:27:02
5550
29491
1
17317
23:27:02
5560
29579
1
17349
23:27:02
5570
29172
1
17380
23:27:02
5580
29434
1
17411
23:27:02
5590
29629
1
17442
23:27:02
5600
29318
1
17473
23:27:02
5610
29219
1
17505
23:27:02
5620
29437
1
17536
23:27:02
5630
29761
1
17567
23:27:02
5640
29296
1
17599
23:27:02
5650
29161
1
17630
23:27:02
5660
29626
1
17662
23:27:02
5670
29449
1
17693
23:27:02
5680
29591
1
17724
23:27:02
5690
29777
1
17755
23:27:02
5700
29676
1
17786
23:27:02
5710
29269
1
17818
23:27:03
5720
29617
1
17849
23:27:03
5730
29803
1
17880
23:27:03
5740
29281
1
17911
23:27:03
5750
29524
1
17942
23:27:03
5760
29562
1
17974
23:27:03
5770
29524
1
18005
23:27:03
5780
29442
1
18036
23:27:03
5790
29661
1
18067
23:27:03
5800
29490
1
18098
23:27:03
5810
29455
1
18130
23:27:03
5820
29716
1
18161
23:27:03
5830
29499
1
18192
23:27:03
5840
29371
1
18223
23:27:03
5850
29567
1
18254
23:27:03
5860
29603
1
18286
23:27:03
5870
29447
1
18317
23:27:03
5880
29535
1
18348
23:27:03
5890
29513
1
18379
23:27:03
5900
29535
1
18410
23:27:03
5910
29181
1
18442
23:27:03
5920
29521
1
18473
23:27:03
5930
29699
1
18504
23:27:03
5940
29527
1
18535
23:27:03
5950
29565
1
18566
23:27:03
5960
29509
1
18598
23:27:03
5970
29453
1
18630
23:27:03
5980
29556
1
18661
23:27:03
5990
29287
1
18692
23:27:03
6000
29629
1
18723
23:27:03
6010
29550
1
18755
23:27:03
6020
29535
1
18786
23:27:03
6030
29578
1
18817
23:27:04
6040
29265
1
18848
23:27:04
6050
29492
1
18879
23:27:04
6060
29658
1
18911
23:27:04
6070
29621
1
18942
23:27:04
6080
29569
1
18973
23:27:04
6090
29540
1
19004
23:27:04
6100
29617
1
19035
23:27:04
6110
29319
1
19067
23:27:04
6120
29573
1
19098
23:27:04
6130
29889
1
19129
23:27:04
6140
29237
1
19160
23:27:04
6150
29487
1
19191
23:27:04
6160
29556
1
19223
23:27:04
6170
29496
1
19254
23:27:04
6180
29477
1
19285
23:27:04
6190
29615
1
19316
23:27:04
6200
29689
1
19347
23:27:04
6210
29255
1
19379
23:27:04
6220
29386
1
19410
23:27:04
6230
29594
1
19441
23:27:04
6240
29252
1
19472
23:27:04
6250
29851
1
19503
23:27:04
6260
29655
1
19535
23:27:04
6270
29456
1
19566
23:27:04
6280
29511
1
19597
23:27:04
6290
29585
1
19628
23:27:04
6300
29694
1
19660
23:27:04
6310
29227
1
19692
23:27:04
6320
29580
1
19723
23:27:04
6330
29649
1
19754
23:27:04
6340
29307
1
19785
23:27:04
6350
29558
1
19816
23:27:05
6360
29749
1
19848
23:27:05
6370
29358
1
19879
23:27:05
6380
29569
1
19910
23:27:05
6390
29546
1
19941
23:27:05
6400
29889
1
19972
23:27:05
6410
29363
1
20004
23:27:05
6420
29486
1
20035
23:27:05
6430
29720
1
20066
23:27:05
6440
29769
1
20097
23:27:05
6450
29390
1
20128
23:27:05
6460
29364
1
20160
23:27:05
6470
29309
1
20191
23:27:05
6480
29581
1
20222
23:27:05
6490
29910
1
20253
23:27:05
6500
29508
1
20284
23:27:05
6510
29048
1
20316
23:27:05
6520
29591
1
20347
23:27:05
6530
30164
1
20378
23:27:05
6540
29049
1
20409
23:27:05
6550
29347
1
20440
23:27:05
6560
30069
1
20472
23:27:05
6570
29575
1
20503
23:27:05
6580
29053
1
20534
23:27:05
6590
30432
1
20565
23:27:05
6600
29683
1
20596
23:27:05
6610
29605
1
20628
23:27:05
6620
29585
1
20659
23:27:05
6630
30062
1
20691
23:27:05
6640
29124
1
20722
23:27:05
6650
29500
1
20753
23:27:05
6660
29525
1
20785
23:27:05
6670
29801
1
20816
23:27:06
6680
29558
1
20847
23:27:06
6690
30275
1
20878
23:27:06
6700
29577
1
20909
23:27:06
6710
29912
1
20941
23:27:06
6720
29679
1
20972
23:27:06
6730
29977
1
21003
23:27:06
6740
29981
1
21034
23:27:06
6750
29909
1
21065
23:27:06
6760
29938
1
21097
23:27:06
6770
29777
1
21128
23:27:06
6780
29571
1
21159
23:27:06
6790
29887
1
21190
23:27:06
6800
29844
1
21221
23:27:06
6810
29888
1
21253
23:27:06
6820
29740
1
21284
23:27:06
6830
29861
1
21315
23:27:06
6840
29934
1
21346
23:27:06
6850
29655
1
21377
23:27:06
6860
29837
1
21409
23:27:06
6870
30028
1
21440
23:27:06
6880
29837
1
21471
23:27:06
6890
29947
1
21502
23:27:06
6900
30037
1
21533
23:27:06
6910
29847
1
21565
23:27:06
6920
29666
1
21596
23:27:06
6930
29841
1
21627
23:27:06
6940
29815
1
21658
23:27:06
6950
30044
1
21689
23:27:06
6960
30029
1
21722
23:27:06
6970
29990
1
21753
23:27:06
6980
29799
1
21784
23:27:06
6990
30007
1
21815
23:27:07
7000
30030
1
21846
23:27:07
7010
29655
1
21878
23:27:07
7020
29877
1
21909
23:27:07
7030
29853
1
21940
23:27:07
7040
29878
1
21971
23:27:07
7050
29863
1
22002
23:27:07
7060
30042
1
22034
23:27:07
7070
29714
1
22065
23:27:07
7080
29757
1
22096
23:27:07
7090
30319
1
22127
23:27:07
7100
29973
1
22158
23:27:07
7110
29753
1
22190
23:27:07
7120
29870
1
22221
23:27:07
7130
29899
1
22252
23:27:07
7140
29671
1
22283
23:27:07
7150
29835
1
22314
23:27:07
7160
30039
1
22346
23:27:07
7170
30069
1
22377
23:27:07
7180
29659
1
22408
23:27:07
7190
30005
1
22439
23:27:07
7200
30124
1
22470
23:27:07
7210
29813
1
22502
23:27:07
7220
29655
1
22533
23:27:07
7230
29873
1
22564
23:27:07
7240
29777
1
22595
23:27:07
7250
29765
1
22626
23:27:07
7260
29954
1
22658
23:27:07
7270
29915
1
22689
23:27:07
7280
29694
1
22720
23:27:07
7290
29625
1
22752
23:27:07
7300
30007
1
22783
23:27:07
7310
29619
1
22815
23:27:08
7320
29892
1
22846
23:27:08
7330
29822
1
22877
23:27:08
7340
29617
1
22908
23:27:08
7350
29676
1
22939
23:27:08
7360
29857
1
22971
23:27:08
7370
29879
1
23002
23:27:08
7380
29643
1
23033
23:27:08
7390
29871
1
23064
23:27:08
7400
29988
1
23095
23:27:08
7410
29687
1
23127
23:27:08
7420
29883
1
23158
23:27:08
7430
30041
1
23189
23:27:08
7440
29732
1
23220
23:27:08
7450
29691
1
23251
23:27:08
7460
30031
1
23283
23:27:08
7470
30066
1
23314
23:27:08
7480
29686
1
23345
23:27:08
7490
30037
1
23376
23:27:08
7500
30056
1
23407
23:27:08
7510
29641
1
23439
23:27:08
7520
29845
1
23470
23:27:08
7530
29920
1
23501
23:27:08
7540
29747
1
23532
23:27:08
7550
29809
1
23563
23:27:08
7560
29814
1
23595
23:27:08
7570
29868
1
23626
23:27:08
7580
29671
1
23657
23:27:08
7590
30017
1
23688
23:27:08
7600
29893
1
23719
23:27:08
7610
29673
1
23751
23:27:08
7620
29948
1
23783
23:27:08
7630
29820
1
23814
23:27:09
7640
29853
1
23845
23:27:09
7650
29575
1
23876
23:27:09
7660
30008
1
23908
23:27:09
7670
29773
1
23939
23:27:09
7680
29545
1
23970
23:27:09
7690
29965
1
24001
23:27:09
7700
30246
1
24032
23:27:09
7710
29814
1
24064
23:27:09
7720
29660
1
24095
23:27:09
7730
30015
1
24126
23:27:09
7740
29314
1
24157
23:27:09
7750
29918
1
24188
23:27:09
7760
30035
1
24220
23:27:09
7770
29619
1
24251
23:27:09
7780
29577
1
24282
23:27:09
7790
30003
1
24313
23:27:09
7800
30029
1
24344
23:27:09
7810
29723
1
24376
23:27:09
7820
29685
1
24407
23:27:09
7830
29918
1
24438
23:27:09
7840
29799
1
24469
23:27:09
7850
29792
1
24500
23:27:09
7860
30064
1
24532
23:27:09
7870
29743
1
24563
23:27:09
7880
29642
1
24594
23:27:09
7890
29879
1
24625
23:27:09
7900
29595
1
24656
23:27:09
7910
30004
1
24688
23:27:09
7920
29897
1
24719
23:27:09
7930
29702
1
24750
23:27:09
7940
29773
1
24781
23:27:09
7950
29323
1
24812
23:27:10
7960
29889
1
24845
23:27:10
7970
29914
1
24876
23:27:10
7980
29650
1
24907
23:27:10
7990
29746
1
24938
23:27:10
8000
30063
1
24969
23:27:10
8010
30005
1
25001
23:27:10
8020
30197
1
25032
23:27:10
8030
29731
1
25063
23:27:10
8040
29099
1
25094
23:27:10
8050
29954
1
25125
23:27:10
8060
30040
1
25157
23:27:10
8070
30328
1
25188
23:27:10
8080
29772
1
25219
23:27:10
8090
29493
1
25250
23:27:10
8100
29972
1
25281
23:27:10