
10
45
1
20
12
1
30
84
1
40
42
1
50
85
1
60
29
1
70
20
1
80
25
1
90
5
1
100
73
1
110
30
1
120
65
1
130
13
1
140
91
1
150
49
1
160
2
1
170
59
1
180
50
1
190
82
1
200
97
1
210
78
1
220
41
1
230
97
1
240
59
1
250
35
1
260
48
1
270
6
1
280
8
1
290
74
1
300
11
1
310
90
1
320
51
1
330
90
1
340
9
1
350
25
1
360
92
1
370
6
1
380
38
1
390
38
1
400
33
1
410
41
1
420
18
1
430
42
1
440
58
1
450
41
1
460
17
1
470
34
1
480
47
1
490
87
1
500
40
1
510
61
1
520
56
1
530
59
1
540
38
1
550
19
1
560
86
1
570
34
1
580
65
1
590
11
1
600
25
1
610
94
1
620
23
1
630
35
1
640
6
1
650
87
1
660
6
1
670
1
1
680
22
1
690
79
1
700
23
1
710
0
1
720
20
1
730
4
1
740
43
1
750
85
1
760
48
1
770
57
1
780
36
1
790
48
1
800
69
1
810
93
1
820
19
1
830
75
1
840
31
1
850
69
1
860
9
1
870
69
1
880
94
1
890
27
1
900
63
1
910
25
1
920
26
1
930
28
1
940
55
1
950
58
1
960
8
1
970
86
1
980
88
1
990
51
1
1000
9
1
1010
20
1
1020
74
1
1030
28
1
1040
58
1
1050
88
1
1060
87
1
1070
27
1
1080
4
1
1090
98
1
1100
54
1
1110
82
1
1120
43
1
1130
19
1
1140
51
1
1150
42
1
1160
35
1
1170
89
1
1180
4
1
1190
76
1
1200
11
1
1210
62
1
1220
11
1
1230
61
1
1240
26
1
1250
25
1
1260
39
1
1270
11
1
1280
43
1
1290
4
1
1300
61
1
1310
12
1
1320
96
1
1330
56
1
1340
85
1
1350
67
1
1360
31
1
1370
63
1
1380
43
1
1390
9
1
1400
46
1
1410
64
1
1420
70
1
1430
99
1
1440
26
1
1450
10
1
1460
6
1
1470
21
1
1480
35
1
1490
22
1
1500
97
1
1510
56
1
1520
13
1
1530
51
1
1540
16
1
1550
77
1
1560
38
1
1570
92
1
1580
67
1
1590
50
1
1600
1
1
1610
37
1
1620
9
1
1630
86
1
1640
21
1
1650
20
1
1660
93
1
1670
69
1
1680
72
1
1690
67
1
1700
66
1
1710
74
1
1720
14
1
1730
6
1
1740
39
1
1750
80
1
1760
4
1
1770
42
1
1780
75
1
1790
24
1
1800
61
1
1810
9
1
1820
41
1
1830
61
1
1840
41
1
1850
31
1
1860
54
1
1870
99
1
1880
30
1
1890
2
1
1900
11
1
1910
58
1
1920
77
1
1930
90
1
1940
51
1
1950
87
1
1960
1
1
1970
47
1
1980
78
1
1990
97
1
2000
3
1
2010
31
1
2020
97
1
2030
94
1
2040
15
1
2050
65
1
2060
51
1
2070
25
1
2080
90
1
2090
52
1
2100
83
1
2110
76
1
2120
89
1
2130
42
1
2140
76
1
2150
62
1
2160
42
1
2170
32
1
2180
2
1
2190
55
1
2200
90
1
2210
51
1
2220
31
1
2230
61
1
2240
15
1
2250
5
1
2260
83
1
2270
75
1
2280
87
1
2290
26
1
2300
52
1
2310
13
1
2320
34
1
2330
14
1
2340
43
1
2350
6
1
2360
38
1
2370
64
1
2380
36
1
2390
18
1
2400
17
1
2410
54
1
2420
32
1
2430
48
1
2440
5
1
2450
68
1
2460
6
1
2470
93
1
2480
3
1
2490
71
1
2500
67
1
2510
83
1
2520
57
1
2530
42
1
2540
95
1
2550
69
1
2560
91
1
2570
23
1
2580
85
1
2590
92
1
2600
65
1
2610
44
1
2620
19
1
2630
39
1
2640
60
1
2650
98
1
2660
88
1
2670
64
1
2680
78
1
2690
96
1
2700
75
1
2710
2
1
2720
72
1
2730
77
1
2740
29
1
2750
96
1
2760
79
1
2770
19
1
2780
87
1
2790
4
1
2800
90
1
2810
0
1
2820
33
1
2830
25
1
2840
44
1
2850
95
1
2860
67
1
2870
26
1
2880
54
1
2890
97
1
2900
99
1
2910
20
1
2920
88
1
2930
74
1
2940
7
1
2950
28
1
2960
57
1
2970
58
1
2980
9
1
2990
10
1
3000
88
1
3010
80
1
3020
64
1
3030
26
1
3040
99
1
3050
46
1
3060
67
1
3070
36
1
3080
75
1
3090
88
1
3100
34
1
3110
3
1
3120
3
1
3130
27
1
3140
5
1
3150
20
1
3160
34
1
3170
59
1
3180
14
1
3190
14
1
3200
50
1
3210
5
1
3220
50
1
3230
66
1
3240
3
1
3250
75
1
3260
39
1
3270
15
1
3280
41
1
3290
66
1
3300
9
1
3310
20
1
3320
96
1
3330
13
1
3340
35
1
3350
86
1
3360
98
1
3370
31
1
3380
45
1
3390
13
1
3400
35
1
3410
83
1
3420
81
1
3430
4
1
3440
36
1
3450
93
1
3460
11
1
3470
33
1
3480
8
1
3490
94
1
3500
94
1
3510
55
1
3520
53
1
3530
48
1
3540
96
1
3550
74
1
3560
3
1
3570
28
1
3580
65
1
3590
62
1
3600
69
1
3610
25
1
3620
85
1
3630
0
1
3640
37
1
3650
86
1
3660
36
1
3670
6
1
3680
53
1
3690
58
1
3700
52
1
3710
98
1
3720
77
1
3730
19
1
3740
66
1
3750
93
1
3760
26
1
3770
68
1
3780
86
1
3790
63
1
3800
50
1
3810
35
1
3820
93
1
3830
47
1
3840
42
1
3850
51
1
3860
20
1
3870
25
1
3880
32
1
3890
80
1
3900
76
1
3910
79
1
3920
43
1
3930
69
1
3940
80
1
3950
68
1
3960
56
1
3970
92
1
3980
23
1
3990
2
1
4000
41
1
4010
13
1
4020
75
1
4030
44
1
4040
33
1
4050
53
1
4060
67
1
4070
71
1
4080
90
1
4090
9
1
4100
6
1
4110
46
1
4120
47
1
4130
50
1
4140
60
1
4150
80
1
4160
61
1
4170
12
1
4180
51
1
4190
94
1
4200
6
1
4210
76
1
4220
99
1
4230
15
1
4240
81
1
4250
93
1
4260
82
1
4270
51
1
4280
29
1
4290
50
1
4300
0
1
4310
81
1
4320
32
1
4330
14
1
4340
86
1
4350
69
1
4360
0
1
4370
96
1
4380
66
1
4390
58
1
4400
51
1
4410
41
1
4420
23
1
4430
70
1
4440
48
1
4450
45
1
4460
80
1
4470
82
1
4480
42
1
4490
89
1
4500
28
1
4510
61
1
4520
44
1
4530
52
1
4540
7
1
4550
54
1
4560
66
1
4570
21
1
4580
72
1
4590
42
1
4600
56
1
4610
81
1
4620
66
1
4630
48
1
4640
20
1
4650
99
1
4660
90
1
4670
91
1
4680
18
1
4690
64
1
4700
12
1
4710
70
1
4720
53
1
4730
30
1
4740
54
1
4750
15
1
4760
77
1
4770
97
1
4780
43
1
4790
63
1
4800
65
1
4810
32
1
4820
87
1
4830
91
1
4840
15
1
4850
19
1