
10
30820
1
20
-48439
1
30
29456
1
40
27497
1
50
-10216
1
60
14196
1
70
22781
1
80
-6425
1
90
18547
1
100
47389
1
110
-7348
1
120
-33266
1
130
16891
1
140
-3426
1
150
-30870
1
160
22407
1
170
21323
1
180
43693
1
190
34062
1
200
-23756
1
210
31899
1
220
-18135
1
230
33623
1
240
-4771
1
250
12952
1
260
44547
1
270
-29268
1
280
-8315
1
290
32727
1
300
28874
1
310
16041
1
320
1344
1
330
-29300
1
340
-1426
1
350
35266
1
360
322
1
370
753
1
380
38341
1
390
-44678
1
400
-39941
1
410
-46602
1
420
-41393
1
430
-17919
1
440
-25849
1
450
-29140
1
460
17248
1
470
38527
1
480
16497
1
490
-4836
1
500
33185
1
510
13634
1
520
6270
1
530
-28819
1
540
15638
1
550
-459
1
560
-38007
1
570
4177
1
580
22449
1
590
47386
1
600
24343
1
610
-15481
1
620
-9008
1
630
-9310
1
640
15319
1
650
-19036
1
660
-43977
1
670
-30856
1
680
-20038
1
690
8368
1
700
-19747
1
710
35505
1
720
26145
1
730
-4347
1
740
-24548
1
750
43525
1
760
37745
1
770
15512
1
780
-15413
1
790
-4177
1
800
-13000
1
810
-11353
1
820
28795
1
830
-22752
1
840
13017
1
850
42137
1
860
-3070
1
870
11408
1
880
-34906
1
890
-15827
1
900
-30080
1
910
-44085
1
920
31863
1
930
-44578
1
940
27437
1
950
-4649
1
960
-9665
1
970
31147
1
980
-19902
1
990
34
1
1000
12416
1
1010
-22448
1
1020
6875
1
1030
-6620
1
1040
-39159
1
1050
10832
1
1060
-45521
1
1070
10957
1
1080
-8806
1
1090
-31877
1
1100
-26937
1
1110
40348
1
1120
-47698
1
1130
-24289
1
1140
21014
1
1150
2443
1
1160
43306
1
1170
-8139
1
1180
-29577
1
1190
-27943
1
1200
42500
1
1210
9055
1
1220
-15585
1
1230
38551
1
1240
-29617
1
1250
23645
1
1260
17733
1
1270
-24361
1
1280
-12661
1
1290
19635
1
1300
12701
1
1310
23573
1
1320
-44980
1
1330
-32237
1
1340
24151
1
1350
-13289
1
1360
9674
1
1370
11007
1
1380
8971
1
1390
14687
1
1400
5598
1
1410
-6647
1
1420
-41423
1
1430
-33531
1
1440
-12676
1
1450
-10144
1
1460
35899
1
1470
-46934
1
1480
40294
1
1490
13003
1
1500
2462
1
1510
16967
1
1520
-48468
1
1530
2831
1
1540
-14398
1
1550
34115
1
1560
-15899
1
1570
-43554
1
1580
41116
1
1590
17757
1
1600
32258
1
1610
16338
1
1620
12411
1
1630
-37436
1
1640
-22300
1
1650
16296
1
1660
-26398
1
1670
-7901
1
1680
11598
1
1690
-21277
1
1700
-28839
1
1710
-36901
1
1720
22013
1
1730
-32190
1
1740
46284
1
1750
35938
1
1760
-28338
1
1770
29320
1
1780
28531
1
1790
42251
1
1800
7252
1
1810
-10420
1
1820
40141
1
1830
-32110
1
1840
48247
1
1850
43818
1
1860
40069
1
1870
22240
1
1880
302
1
1890
37170
1
1900
-33129
1
1910
-16640
1
1920
26648
1
1930
30367
1
1940
10426
1
1950
-7529
1
1960
-10742
1
1970
46588
1
1980
-46090
1
1990
21092
1
2000
40885
1
2010
15926
1
2020
-20580
1
2030
49389
1
2040
8957
1
2050
-30404
1
2060
23430
1
2070
-24724
1
2080
-37265
1
2090
-12739
1
2100
1471
1
2110
20414
1
2120
-3671
1
2130
-32230
1
2140
-4620
1
2150
11450
1
2160
-8148
1
2170
-23924
1
2180
11033
1
2190
-7377
1
2200
49373
1
2210
17311
1
2220
-30344
1
2230
-30588
1
2240
-16671
1
2250
2714
1
2260
-8464
1
2270
-8095
1
2280
-11368
1
2290
1511
1
2300
-32498
1
2310
-38697
1
2320
-25984
1
2330
17895
1
2340
-9519
1
2350
-16691
1
2360
44938
1
2370
-7143
1
2380
37178
1
2390
-1888
1
2400
-6070
1
2410
6920
1
2420
48222
1
2430
-11762
1
2440
22318
1
2450
-48286
1
2460
-45995
1
2470
2769
1
2480
-25922
1
2490
45826
1
2500
33041
1
2510
39248
1
2520
9823
1
2530
-6442
1
2540
-30153
1
2550
-6943
1
2560
-12966
1
2570
23920
1
2580
66
1
2590
18116
1
2600
41168
1
2610
1676
1
2620
-7870
1
2630
42512
1
2640
-18423
1
2650
-27842
1
2660
16635
1
2670
47894
1
2680
25971
1
2690
-12664
1
2700
-2556
1
2710
-47434
1
2720
-2260
1
2730
-38190
1
2740
21678
1
2750
34658
1
2760
1435
1
2770
24320
1
2780
9836
1
2790
-5926
1
2800
-26409
1
2810
-37112
1
2820
11684
1
2830
-20355
1
2840
-21699
1
2850
9841
1
2860
-1140
1
2870
1478
1
2880
-19942
1
2890
-23240
1
2900
-29153
1
2910
7479
1
2920
-20107
1
2930
28735
1
2940
-22549
1
2950
27793
1
2960
45155
1
2970
-17577
1
2980
-12052
1
2990
-18783
1
3000
-1903
1
3010
22920
1
3020
4725
1
3030
-6395
1
3040
-46081
1
3050
-39118
1
3060
27587
1
3070
-140
1
3080
15082
1
3090
-6939
1
3100
23769
1
3110
-11693
1
3120
35374
1
3130
-12908
1
3140
48298
1
3150
-895
1
3160
-35382
1
3170
-15603
1
3180
-10512
1
3190
6765
1
3200
-27104
1
3210
3907
1
3220
-14842
1
3230
980
1
3240
31775
1
3250
33682
1
3260
-33384
1
3270
29616
1
3280
-763
1
3290
17502
1
3300
39456
1
3310
-16894
1
3320
14899
1
3330
-20802
1
3340
2942
1
3350
-19597
1
3360
-37383
1
3370
-21293
1
3380
43007
1
3390
-36747
1
3400
-1381
1
3410
-39226
1
3420
7851
1
3430
17746
1
3440
-24865
1
3450
39714
1
3460
-10324
1
3470
19934
1
3480
11764
1
3490
-38200
1
3500
-8771
1
3510
45771
1
3520
-20110
1
3530
622
1
3540
-48303
1
3550
-5292
1
3560
-30995
1
3570
-29848
1
3580
42842
1
3590
-49031
1
3600
-1908
1
3610
-14756
1
3620
23381
1
3630
46902
1
3640
20032
1
3650
-39998
1
3660
-42741
1
3670
-1290
1
3680
42527
1
3690
10648
1
3700
-40238
1
3710
-43524
1
3720
-44871
1
3730
21465
1
3740
34370
1
3750
47615
1
3760
8685
1
3770
39899
1
3780
2768
1
3790
-4309
1
3800
40934
1
3810
-9970
1
3820
10620
1
3830
-35017
1
3840
-20124
1
3850
32418
1
3860
12529
1
3870
15338
1
3880
-14744
1
3890
-47280
1
3900
1005
1
3910
-48537
1
3920
7677
1
3930
31445
1
3940
46337
1
3950
16187
1
3960
-45268
1
3970
32965
1
3980
-43081
1
3990
8211
1
4000
-45961
1
4010
-46959
1
4020
-47103
1
4030
1368
1
4040
-5807
1
4050
-18889
1
4060
-30069
1
4070
4696
1
4080
6347
1
4090
-33913
1
4100
-25598
1
4110
30414
1
4120
21537
1
4130
22511
1
4140
-23425
1
4150
30375
1
4160
1822
1
4170
-22257
1
4180
-25952
1
4190
20630
1
4200
-3041
1
4210
40206
1
4220
44213
1
4230
38452
1
4240
22528
1
4250
-36207
1
4260
31532
1
4270
-33477
1
4280
-9660
1
4290
-5927
1
4300
43079
1
4310
14894
1
4320
47366
1
4330
8361
1
4340
-25860
1
4350
-27025
1
4360
-4340
1
4370
3449
1
4380
34540
1
4390
30941
1
4400
-27655
1
4410
42435
1
4420
35971
1
4430
22873
1
4440
-33773
1
4450
45173
1
4460
30701
1
4470
-37713
1
4480
35483
1
4490
-4352
1
4500
-37072
1
4510
24903
1
4520
-30431
1
4530
43978
1
4540
5394
1
4550
-16854
1
4560
7653
1
4570
775
1
4580
5981
1
4590
12191
1
4600
-14180
1
4610
-42794
1
4620
-38356
1
4630
-31591
1
4640
35706
1
4650
15409
1
4660
-29644
1
4670
-12481
1
4680
-1590
1
4690
-19205
1
4700
-14308
1
4710
-37907
1
4720
49193
1
4730
-49748
1
4740
13161
1
4750
35799
1
4760
-49091
1
4770
28493
1
4780
42651
1
4790
-4729
1
4800
-32966
1
4810
18473
1
4820
7087
1
4830
49536
1
4840
-31162
1
4850
-38757
1
4860
-6127
1
4870
-38284
1
4880
-34571
1
4890
45619
1
4900
12709
1
4910
37933
1
4920
-29718
1
4930
-31301
1
4940
41087
1
4950
-15569
1
4960
-6623
1
4970
4482
1
4980
27003
1
4990
15399
1
5000
14130
1
5010
29827
1
5020
27439
1
5030
31285
1
5040
47101
1
5050
-35589
1
5060
641
1
5070
-9873
1
5080
-40227
1
5090
4548
1
5100
-49560
1
5110
-37034
1
5120
39718
1
5130
-30483
1
5140
41641
1
5150
-1552
1
5160
37079
1
5170
33355
1
5180
-33044
1
5190
21418
1
5200
27489
1
5210
-14787
1
5220
47960
1
5230
-44316
1
5240
-49502
1
5250
46889
1
5260
-4701
1
5270
-7975
1
5280
-21035
1
5290
-22453
1
5300
36594
1
5310
19179
1
5320
-33917
1
5330
12402
1
5340
44489
1
5350
-2328
1
5360
-1639
1
5370
14788
1
5380
-38219
1
5390
-15773
1
5400
-44696
1
5410
-30927
1
5420
25780
1
5430
7956
1
5440
39501
1
5450
5710
1
5460
39860
1
5470
-41412
1
5480
-5556
1
5490
29116
1
5500
26516
1
5510
-28296
1
5520
-28366
1
5530
14022
1
5540
23403
1
5550
-13685
1
5560
43419
1
5570
46666
1
5580
-48595
1
5590
6012
1
5600
-16535
1
5610
13419
1
5620
-7853
1
5630
16570
1
5640
-47129
1
5650
-18657
1
5660
-38724
1
5670
26
1
5680
36741
1
5690
-27316
1
5700
-46650
1
5710
38152
1
5720
-26694
1
5730
8498
1
5740
-35578
1
5750
16638
1
5760
5699
1
5770
-14701
1
5780
-30873
1
5790
25426
1
5800
-34818
1
5810
-46924
1
5820
40572
1
5830
326
1
5840
-36295
1
5850
-16967
1
5860
-46659
1
5870
-33631
1
5880
33706
1
5890
49022
1
5900
2602
1
5910
24329
1
5920
3431
1
5930
-2057
1
5940
5645
1
5950
-31577
1
5960
37211
1
5970
-48755
1
5980
26043
1
5990
35364
1
6000
1889
1
6010
-37756
1
6020
-24765
1
6030
-37126
1
6040
42916
1
6050
-47983
1
6060
1471
1
6070
-20920
1
6080
-33363
1
6090
-39487
1
6100
-28109
1
6110
-46557
1
6120
28919
1
6130
-21172
1
6140
-10132
1
6150
14461
1
6160
24494
1
6170
-26337
1
6180
-33085
1
6190
-20200
1
6200
-43765
1
6210
-24393
1
6220
-14001
1
6230
-49608
1
6240
39117
1
6250
-20845
1
6260
-48501
1
6270
-8287
1
6280
-40293
1
6290
-5719
1
6300
19932
1
6310
-37448
1
6320
-31283
1
6330
-3109
1
6340
45134
1
6350
-45486
1
6360
31633
1
6370
48619
1
6380
-48262
1
6390
-26115
1
6400
282
1
6410
-4754
1
6420
-28370
1
6430
31607
1
6440
-3074
1
6450
7317
1
6460
39456
1
6470
6819
1
6480
21636
1
6490
-3306
1
6500
45311
1
6510
14711
1
6520
3623
1
6530
28269
1
6540
-14569
1
6550
40458
1
6560
17623
1
6570
47471
1
6580
34990
1
6590
-2467
1
6600
-22392
1
6610
-39005
1
6620
-8941
1
6630
30918
1
6640
1797
1
6650
40746
1
6660
-1723
1
6670
13589
1