29347
29389
29227
29087
29171
29061
29231
29115
29285
29342
29354
29368
29133
29349
29335
29318
29177
29268
29286
29183
29022
29160
29204
29139
29364
29334
29221
29194
29369
29300
29181
29283
28981
29401
29175
29431
29217
29205
29314
29295
29305
29276
29183
29233
29367
29127
29362
29042
29345
29071
29130
29205
29191
29153
29253
29313
29050
29174
29239
29069
29303
29367
29316
29193
29139
29248
29290
29179
29175
29291
29279
29137
29379
29305
29437
29523
29097
29211
29165
29339
29163
29198
29310
29197
29261
29350
29230
29108
29167
29320
29290
29318
29247
29134
29289
29221
29487
29471
29460
29263
29301
29222
29355
29222
29222
29283
29331
29366
29180
29430
29255
29459
29147
29193
29271
29311
29370
29431
29486
29326
29377
29221
29484
29158
29277
29252
29205
29482
29185
29163
29221
29458
29290
29224
29287
29127
29159
29175
29335
29267
29191
29547
29502
29243
29375
29277
29235
29232
29433
29481
29523
29294
29289
29259
29253
29354
29359
29277
29417
29343
29150
29331
29454
29008
29098
29380
29325
29369
29208
29223
29358
29423
29217
29279
29175
29289
29284
29303
29199
29093
29295
29313
29304
29337
29499
29406
29319
29405
29365
29053
29336
29439
29353
29266
29141
29350
29263
29273
29536
29179
29430
29550
29351
29179
29359
29353
29224
29415
29424
29253
29371
29372
29268
29226
29360
29215
29085
29354
29446
29533
29266
29264
29331
29360
29270
29267
29117
29259
29361
29367
29315
29558
29456
29419
29499
29611
29135
29475
29365
29026
29347
29479
29219
29259
29444
29323
29108
29157
29437
29269
29277
29541
29265
29171
29617
29659
29057
29224
29365
29184
29285
29391
29309
29237
29081
29001
28896
28954
29172
28997
29158
29451
29505
29079
28895
29042
29348
28846
29065
29281
29328
29164
28812
29342
29371
29997
29259
28899
29135
28994
29422
28934
28577
29393
28935
29105
29402
29224
29393
28642
29398
28875
29141
29056
29463
29067
29049
28918
29271
29166
29401
29399
28874
28837
29573
29501
29053
29405
29261
29100
28793
29393
29326
29273
29290
29249
29009
29145
29213
29218
29274
29337
29111
29157
29395
29287
29270
29225
29428
29283
29212
29244
29352
29307
29545
29177
29118
29243
29487
29379
29264
29403
29325
29240
29291
29533
29245
29243
29352
29297
29607
29514
29193
29218
29330
29365
29065
29389
29280
29403
29167
29207
29155
29023
29384
29406
29244
29317
29473
29043
29197
29382
29355
29179
29323
29393
28955
28979
29511
29262
29183
29140
29104
28979
29122
29347
29121
29349
29235
29150
29129
29479
29377
29098
29292
29361
28908
29092
29387
29015
29095
29324
29294
29043
29275
29401
29057
29167
29295
29236
29195
29371
29309
29053
29244
29545
29365
29109
29313
29168
29101
29301
29506
29254
29247
29301
28889
29277
29402
29273
29313
29290
29125
28966
29205
29594
29023
29301
29265
29347
29010
29421
29193
29187
29305
29482
29027
29170
29218
29267
29106
29640
29504
29088
29155
29421
29145
29042
29261
30377
29672
28781
28903
29193
29715
28833
28725
29321
29476
28859
29236
29511
29316
29091
29239
29036
28998
29107
29383
29310
29204
29124
29138
28919
29169
29449
28996
29281
29371
29031
28761
29246
29111
29034
29247
29143
29101
28967
28964
29423
28855
29198
29751
28879
29331
29127
29261
28773
28957
29447
29154
29144
29301
28946
29261
28929
29655
29094
29415
28797
29355
29039
29429
28951
28773
29625
29005
29178
29097
29461
29338
29366
29133
28757
29588
29612
29061
29239
29410
29400
29289
29213
29713
29031
29491
29579
29172
29434
29629
29318
29219
29437
29761
29296
29161
29626
29449
29591
29777
29676
29269
29617
29803
29281
29524
29562
29524
29442
29661
29490
29455
29716
29499
29371
29567
29603
29447
29535
29513
29535
29181
29521
29699
29527
29565
29509
29453
29556
29287
29629
29550
29535
29578
29265
29492
29658
29621
29569
29540
29617
29319
29573
29889
29237
29487
29556
29496
29477
29615
29689
29255
29386
29594
29252
29851
29655
29456
29511
29585
29694
29227
29580
29649
29307
29558
29749
29358
29569
29546
29889
29363
29486
29720
29769
29390
29364
29309
29581
29910
29508
29048
29591
30164
29049
29347
30069
29575
29053
30432
29683
29605
29585
30062
29124
29500
29525
29801
29558
30275
29577
29912
29679
29977
29981
29909
29938
29777
29571
29887
29844
29888
29740
29861
29934
29655
29837
30028
29837
29947
30037
29847
29666
29841
29815
30044
30029
29990
29799
30007
30030
29655
29877
29853
29878
29863
30042
29714
29757
30319
29973
29753
29870
29899
29671
29835
30039
30069
29659
30005
30124
29813
29655
29873
29777
29765
29954
29915
29694
29625
30007
29619
29892
29822
29617
29676
29857
29879
29643
29871
29988
29687
29883
30041
29732
29691
30031
30066
29686
30037
30056
29641
29845
29920
29747
29809
29814
29868
29671
30017
29893
29673
29948
29820
29853
29575
30008
29773
29545
29965
30246
29814
29660
30015
29314
29918
30035
29619
29577
30003
30029
29723
29685
29918
29799
29792
30064
29743
29642
29879
29595
30004
29897
29702
29773
29323
29889
29914
29650
29746
30063
30005
30197
29731
29099
29954
30040
30328
29772
29493
29972
29726
29595
29973
30215
29695
29875
30023
29705
29937
30095
29492
29880
30077
29988
29541
29993
30134
29788
30105
30002
29435
29894
30236
30035
29763
29747
29978
29714
29865
30115
29729
29771
29834
29807
29975
30053
29858
29809
29835
30074
29947
29934
30115
30026
29898
30007
30007
29690
29856
29739
29619
29955
29989
29853
29704
29932
30016
29889
29918
30023
29757
29713
30204
29895
29530
29879
29829
29767
29707
29897
29751
29724
29911
29953
29713
29797
29737
29561
29963
30134
29750
29871
29902
29947
29627
29864
29993
29618
29859
29968
29751
29713
30106
29957
29605
29804
29833
29653
30022
29854
29681
29768
30097
29818
29661
29825
30106
29641
29873
29992
29860
29592
30144
29845
29589
30103
29843
29731
30083
30014
29885
29625
29960
29846
29830
29833
30023
29919
30029
30093
29875
29889
29951
29921
29647
29824
30153
29513
29657
29888
29840
29866
29926
29975
29606
29874
30109
29670
29957
29943
29959
29868
30080
29885
29662
29845
30126
29907
29903
29831
29824
29625
29851
30223
29883
30086
29901
29679
29739
30045
29863
29669
30063
30083
29945
29857
29958
29786
29684
29999
29963
29836
30091
29984
29705
30081
30145
29790
30104
29949
29765
29723
29857
30031
29827
29839
30047
29783
29955
29920
29861
29841
29956
30097
29750
30039
29897
29751
29968
29952
30005
29853
30166
30235
29893
29847
29902
29719
29847
30204
29997
29917
29985
30165
30089
29775
29869
29873
30027
29875
29957
29832
29949
29862
29613
29853
30017
29895
29832
30145
30045
29614
29867
30210
29865
29805
30077
30023
29942
29851
29880
29813
29879
29909
29913
30069
30185
29994
29661
30033
30233
29848
30029
29921
29978
29863
30039
29867
29815
29963
30129
29642
29869
30137
29661
29881
29996
29877
29788
30026
30198
29813
30129
30188
29893
29888
30101
29941
29787
30217
30070
29802
29989
29987
29955
30001
30243
30144
29800
30084
29979
29619
30096
30063
29909
29899
30208
29878
30013
29975
30132
29943
30023
30015
29831
30089
30005
30069
29818
29896
29959
29905
29843
30261
30077
29843
30108
30114
29830
30122
29890
29841
29855
29925
29817
29945
30060
30067
29978
30211
30055
29712
29964
30229
29879
29933
30037
29981
29729
30173
30213
29908
29933
30125
29790
30039
30245
30065
29951
30264
30365
29838
30066
30111
30176
29941
30062
30403
30118
30217
29994
29641
30118
30199
30043
30007
30024
30151
30078
30247
30081
29809
30077
30009
29960
29939
30340
30139
29805
30325
30032
29805
29988
30053
30016
29777
29873
30065
29881
29944
30159
29916
29853
30183
29918
30121
30178
30135
29705
30050
30334
29847
30007
30045
30075
30053
30216
29983
29899
30002
30363
29957
29852
30147
29901
29870
30160
30081
30075
29945
30049
30231
29993
29896
29549
29905
30314
29837
30055
30026
30153
30013
30034
30506
30259
29810
30397
30394
29701
30394
30255
29794
30363
30606
30371
29991
30324
30129
30195
30189
30426
29967
30212
30406
30223
29951
30067
30143
29829
30539
30556
30058
30171
30223
30172
30023
30410
30424
29887
30154
30354
30042
30273
30188
30087
30084
30462
30416
30036
30071
30363
29953
30109
30375
30325
30140
30229
30368
29936
30244
30329
29815
29981
30382
30085
29835
30267
30121
29681
29852
30012
29883
29995
30010
30071
29887
30113
30135
29813
30079
30389
30166
30119
30195
30021
29848
30283
30379
29751
30273
30426
30064
30227
30229
30285
29901
30299
30192
29768
30061
30390
30083
29958
30253
30376
29836
30411
30185
30148
30129
30112
30091
30205
30235
30259
29975
30345
30171
29881
30014
30441
29973
29989
30369
30044
29860
30081
30315
29993
29890
30175
30175
30055
30011
30356
29937
30216
30271
29931
29943
30292
30338
29898
30057
30131
29787
30191
30227
29955
30194
30313
30043
30049
30127
30217
30010
30228
30187
29819
30130
30126
30044
29927
30202
30219
30099
29989
30074
29955
30065
30231
30071
29853
30065
30122
29932
30098
30142
29922
30220
30216
30235
30027
29839
30176
30005
30171
30105
29815
29940
30311
30103
29951
29985
30056
29891
30151
30292
30039
30123
30116
30032
30034
30171
30164
29905
30157
30256
29930
29946
30043
30053
29895
30370
30307
29916
30034
30078
30141
30193
29989
30195
29815
30065
30349
29824
29995
30110
29905
30118
30222
30060
29703
29792
29949
29760
30019
29893
29597
29609
29968
29812
29616
29812
29790
29663
29810
29900
29818
29657
29719
29978
29783
29828
30131
29448
29559
29831
29557
29611
30023
29997
29479
29787
30221
29865
29802
29970
29914
29783
29582
29911
29884
29838
30131
29528
29930
30163
30094
29877
29689
29971
29884
30050
30094
29831
29777
29837
29818
29657
29986
30011
29817
29851
30121
29953
29932
29917
29938
29836
29817
30195
29757
29624
30023
29841
29948
29888
30073
29621
29743
29991
29789
29770
29930
29901
29932
29855
29878
29661
29785
30025
29659
29949
30083
30021
29722
29811
29889
29621
30040
29954
29697
29845
29824
30118
29675
29899
30090
29870
29779
30103
29684
29887
29845
30099
29849
29767
29894
29869
30077
30030
29941
29810
29735
29971
29809
29993
29916
29674
29824
30094
29987
29917
30024
30043
29875
30011
30101
30041
30013
30096
30113
29959
29968
30037
29887
30113
30201
29963
29873
30216
29949
30038
30033
30263
30095
30152
30182
30025
29901
30203
30005
30261
30079
29992
30069
30155
30128
29847
29966
30084
30059
30084
29925
30111
30191
30131
30279
29869
29815
29915
30090
30091
30039
29817
29712
29859
30359
29554
29495
29785
29936
29762
29672
29816
29745
29944
29934
29883
29779
30219
30186
29982
30110
29965
29749
30039
30009
30091
29871
29740
30101
29945
30037
30043
29877
29785
30057
29690
29781
30055
29845
29693
29816
30098
29749
29929
29873
29739
29808
30017
30067
29766
29991
29753
29834
30193
30019
29823
29619
29879
29982
29741
29651
29968
29857
30069
30007
30075
29725
30217
30059
29974
29816
29968
29734
29727
29939
29843
29922
29780
29935
29723
29989
30192
29913
29788
30174
29963
30058
29718
30141
30068
29880
30061
29929
29807
30057
29886
29625
29635
29982
29927
29804
29595
30049
30087
29821
29225
29683
30379
30097
30002
29586
29776
30236
29888
30107
30019
29804
29750
29697
29919
30185
29995
29833
29915
30063
29927
29874
29852
29969
29737
30233
30046
30001
30033
30286
30097
29970
30050
30029
29985
29697
30024
29715
29869
29932
29883
29733
29919
30103
29887
29918
29799
29885
29733
30065
29917
29849
29990
29940
29869
29952
30029
29980
29932
30161
30119
29938
29991
30292
30085
29757
30323
29990
30177
30025
30181
29854
30084
30399
30145
30201
30007
29881
30231
30059
29911
29868
30124
30195
29875
29775
30298
29773
29575
30051
30221
29657
30474
29965
30061
29767
29728
30026
29390
30439
30209
30427
29771
30236
29914
29875
30339
30147
30007
29959
30288
29921
30104
30287
30060
29833
30061
30126
30152
29981
30117
30211
30131
30103
30016
29808
30347
30059
30012
29921
30227
29618
30005
30603
30209
30161
30419
29959
29966
30198
30256
29933
29959
30218
30017
30245
30085
30322
30067
30130
30325
30026
30023
30197
30042
29771
30208
29978
29889
29712
29981
30119
30165
30161
30136
29942
30199
30063
30253
29713
29820
30259
29673
30143
30218
30084
30319
30263
29973
30091
30502
30104
30101
30405
30138
29771
29863
30284
30079
30021
29803
29842
30319
29963
30490
30069
30358
30261
29990
30076
30318
29971
30326
30089
30074
30073
30318
30070
30007
30162
30158
30013
30118
30343
29971
30229
30121
30214
29951
30189
30317
29794
30037
30403
29898
29873
29967
30036
29997
30057
30227
29872
29931
30222
30060
30014
30265
30161
29783
29960
30050
29857
30003
30341
30125
29774
30109
30105
29947
30238
30567
30016
30053
30161
30163
30127
30051
30426
29790
29929
30292
29930
30221
30197
29927
29934
30130
29941
29808
30089
30077
29957
30235
30198
30097
30154
30103
30525
30099
30383
30572
30053
30359
30376
30257
30031
30339
30079
30095
30089
30420
30103
30225
30355
30273
30228
30037
30216
30007
30089
30277
30183
29964
30222
30113
30295
30181
30384
30137
30368
30420
30194
30327
30357
30232
30372
30142
30433
30245
30250
30459
30271
30103
30224
30049
30391
30353
30099
30016
30263
30309
30111
30375
30473
30291
30075
30097
30098
30203
30272
30256
30170
29995
30323
30341
30303
30249
30465
30073
30177
30381
30133
30181
30193
30126
30300
30264
30259
30311
30200
30281
30263
30179
30102
30371
30245
30306
30066
30295
30357
30540
30163
30246
30195
30272
30093
30031
30095
30110
30137
30315
30224
30105
30115
30161
30102
30299
30423
30313
30125
30377
30316
29953
30223
30115
30124
30210
30378
30294
30315
30246
30047
30209
30142
30247
30153
30156
30213
30157
30097
30240
29990
30240
30343
30292
30048
30107
29979
29909
30001
30239
30120
30170
30109
30129
30099
30123
30050
30096
29991
30114
30089
29999
30183
30302
30030
30095
30265
30078
29963
30039
30054
30237
30221
30010
30176
30265
30271
30010
29981
29978
30147
29959
29928
30169
30118
29979
30089
30123
29926
30015
30038
29935
29968
30152
29973
30158
29935
30059
29961
30117
29986
29961
30178
30007
29936
29809
29899
29997
30100
30027
29944
29972
29953
29947
30068
29964
30159
30074
29831
30091
30343
30019
29813
29997
30001
30081
30136
29975
29825
30006
29984
30247
29963
30114
30061
30134
30230
30173
30021
29844
29832
30075
30066
30197
29767
29783
30235
29977
29763
29962
29928
29725
29927
30176
30070
29687
30149
29571
29892
30047
30441
30207
30155
30057
29853
29795
30112
29521
29669
30078
29998
29812
29826
30119
29749
30087
29916
29855
30081
30148
29994
29803
29941
29911
29752
30075
29776
29804
29817
29901
29853
29942
29807
29869
29521
29779
30071
29805
29666
29957
30101
29891
29817
30133
29669
29734
29749
29815
29697
29851
29917
29939
29942
29936
29710
29687
29729
29897
29829
29812
29863
29794
29765
29986
29749
29691
29921
29677
29828
29893
29742
29729
29818
29771
29732
29907
29885
29724
29740
29911
29740
29849
29666
29767
29636
29712
29810
29756
29593
29973
29657
29665
29744
29932
29547
30072
29863
30008
29940
29943
29827
29654
29780
30080
29808
29743
30149
29532
29854
30003
29795
29657
29725
29833
29900
29566
29960
29863
29836
29708
29765
29557
29646
29984
29556
29746
29825
29636
29501
29949
29935
30055
29862
29809
29891
29943
30027
29986
29970
29907
30132
29827
29553
29927
30069
29838
30127
30153
29837
29892
29907
29517
29927
29865
29843
29905
30033
29673
29469
29540
29853
29526
29570
29454
29305
29847
29726
29602
29515
29499
29653
29816
29723
29817
29551
29689
29587
29920
29651
29639
29747
29498
29814
29937
29809
29809
29895
29754
29820
29743
29643
29641
29592
29797
29537
29578
29908
29933
29474
29911
29894
29513
29394
29945
29623
29757
29726
29655
29623
29696
29971
29547
29511
29597
29521
29485
29846
29419
29544
29680
29619
29589
29869
29657
29655
29469
29601
29575
29441
29819
29957
29531
29686
29913
29716
29598
29716
29593
29474
29693
29581
29629
29544
29856
29641
29636
29499
29450
29621
29489
29624
29558
29730
29817
29381
29329
29867
29781
29441
29587
29587
29517
29635
29751
29630
29481
29589
29969
29863
29852
29495
29219
29501
29778
29319
29210
29261
29463
30140
29362
29640
29671
29346
29959
28993
29877
29509
29212
29763
29695
30173
29282
29891
29803
29811
29812
29559
29589
29935
29830
30041
29595
29701
30005
29754
29845
29844
29929
29534
29817
30046
29655
29681
29797
29676
29703
29698
29843
29703
29925
29939
29557
29619
29880
29765
29603
29842
29885
29621
29753
29727
29589
29579
29959
29681
29794
29673
29837
29495
29759
29830
29737
29703
29855
29767
29715
29619
30211
29482
29613
29799
29567
30016
29830
29767
29623
29801
29833
29575
29731
29881
29619
29909
29833
29966
29817
29777
29905
29757
29869
30025
29771
29733
30095
29863
29699
29863
29975
29566
29755
30148
29841
29711
29911
30051
29578
29847
29786
29739
29779
29897
29549
29477
30113
30077
29739
29056
29995
30108
29713
29049
28893
30403
29961
29958
30000
29909
29712
29605
29925
29383
29634
29698
29938
29794
30111
30065
30006
29819
30087
30004
29819
29985
29906
29585
29465
29923
29968
30007
29988
30127
29785
29760
29971
29993
30023
30229
30068
29839
29825
30025
29835
29823
29794
30029
29806
29975
29997
29628
29699
30104
29947
29761
29973
30058
29687
29957
29869
29729
30093
30076
30004
29920
29800
30039
29674
29833
29932
29881
30006
30007
30039
29597
29868
30069
29822
29905
30121
29837
29779
29918
29997
29952
29884
30165
29975
29895
30123
29829
30100
29914
30063
29812
29881
30033
29964
30271
30083
29832
29879
30174
30130
29729
29766
30112
29666
29220
29779
29665
29386
29243
29626
29981
30261
29527
29557
29633
29564
29923
29400
29655
30282
29481
29957
29706
29465
30259
30038
30254
29527
29727
29869
30377
29953
30423
29874
29679
30507
29825
30011
30237
30324
30377
30024
30130
29888
30263
30198
29493
29936
30208
30626
30265
30234
30219
30037
30421
30269
30009
30102
30138
29938
30295
29929
30357
30229
30103
30089
29917
30136
30091
30051
30095
29967
30448
29757
29942
30267
30083
29915
30115
30227
30062
29989
30081
29863
29875
30214
30274
30053
30299
30383
30188
30041
30141
29906
30185
30291
29943
30001
29977
30422
29991
30065
30257
30085
30115
30125
29997
30199
30009
30111
29853
30169
30302
30116
29958
30290
30062
29814
29925
30089
30020
30103
30320
29794
30077
30283
29783
29916
29587
29913
29973
29601
29540
30251
31059
30135
29623
30445
29420
30863
30223
29381
30505
30373
29551
29903
29753
29929
30279
30631
30184
28976
30630
29938
30373
30483
29719
30309
30398
30472
30214
29987
30274
29731
30053
30397
30195
30039
30183
30539
29945
30023
30361
30180
30091
30267
30361
30191
30094
30386
29975
30203
30439
29927
29876
30318
30442
30045
29867
30430
30052
30030
30422
29917
29940
30116
30250
29786
30059
30446
30007
30058
30119
30069
29965
30284
30309
30182
30097
30163
30039
30029
30527
30426
30095
30292
30074
30092
30016
30039
29836
30010
30330
30054
30102
30113
30192
30007
30082
30150
29872
30127
30080
29985
29957
30174
30295
29831
30207
29985
29928
30293
29989
30231
29855
30074
30201
29728
30036
30363
30311
30207
30198
30291
29986
30168
30161
29971
30354
30134
30069
29803
30333
30153
30095
29556
29823
30352
30263
29966
29775
29686
29801
29493
29398
29419
30287
30079
29959
29370
30129
30544
30038
28230
30069
30017
30315
29871
29637
30114
30145
29488
30295
30121
29952
29307
30439
30003
30055
29900
29887
29830
30026
29839
29682
30013
30124
29894
29665
30014
29795
29981
29777
30077
30025
29918
30182
29877
29625
30032
29995
29690
30074
29659
29787
29815
30029
29573
29933
30053
29483
29690
29947
29803
29745
29865
30260
29473
29745
30224
29646
29595
29769
29973
29789
29873
29757
29553
29806
29919
29724
29848
29947
29672
29749
29717
29715
29569
29766
29918
29607
29441
29589
29770
29688
29607
29787
29672
29631
29760
29540
29512
29631
29908
29689
29671
29834
29599
29515
29717
29661
29566
29872
29644
29357
29431
29587
29504
29585
29787
29611
29732
29597
29885
29558
29801
29845
29741
29695
30012
29878
29804
29893
29910
29681
29690
30129
29766
29635
29713
29653
29804
29776
29541
29239
29310
29789
29234
29307
29988
29516
29639
29609
29286
29239
29685
30030
29225
28485
29981
29887
29821
29397
29815
29653
29125
30189
29794
29618
29377
29829
28927
30081
30173
29022
30036
29985
29213
29315
29487
29140
29872
29738
29817
29528
29430
29657
29788
29750
29549
29653
29593
29727
29604
29298
29821
29823
29697
29655
29549
29381
29620
29441
29570
29639
29526
29718
29503
29543
29459
29719
29340
29459
29733
29381
29357
29389
29569
29511
29462
29410
29457
29606
29547
29401
29499
29366
29345
29589
29858
29579
29194
29461
29653
29383
29513
29451
29330
29250
29573
29637
29469
29357
29477
29242
29245
29425
29229
29509
29441
29367
29359
29595
29442
29304
29455
29691
29326
29468
29524
29361
29253
29308
29488
29417
29429
29576
29451
29245
29364
29597
29281
29592
29429
29284
29405
29409
29361
29410
29453
29663
29125
29365
29391
29402
29507
29521
29590
29261
29616
29340
29446
29436
29351
29319
29408
29411
29330
29283
29478
29355
29298
29359
29347
29149
29415
29414
29301
29235
29450
29243
29007
29405
29531
29163
29497
29645
29405
29230
29356
29689
29475
29187
29375
29342
29406
29548
29361
29404
29254
29459
29077
29233
29238
29207
29443
29352
29311
29476
29190
29183
29409
29415
29366
29070
29497
29310
29171
29183
29434
29419
29191
29185
29347
29234
29391
29400
29242
29279
29313
29261
29186
29222
29450
29280
29374
29429
29353
29230
29234
29376
29230
29410
29331
29225
29206
29323
29489
29209
29529
29459
29349
29503
29277
29313
29325
29403
29278
29297
29447
29482
29425
29493
29369
29303
29580
29335
29347
29357
29269
29549
29256
29530
29604
29387
29367
29579
29355
29409
29341
29587
29606
29623
29415
29547
29608
29496
29395
29495
29473
29619
29362
29481
29697
29515
29556
29653
29444
29697
29669
29666
29639
29588
29630
29677
29434
29541
29664
29646
29620
29559
29418
29643
29566
29414
29371
29547
29558
29566
29389
29681
29561
29441
29401
29538
29549
29522
29453
29611
29551
29477
29450
29689
29513
29378
29627
29401
29478
29285
29364
29632
29582
29357
29587
29539
29401
29469
29553
29403
29946
29733
29625
29494
29643
29513
29481
29589
29815
29515
29541
29623
29543
29449
29448
29582
29610
29495
29578
29527
29595
29789
29549
29433
29595
29474
29668
29631
29595
29635
29953
29801
29543
29816
29615
29526
29859
29806
29703
29787
29661
29817
29707
29931
29883
29715
29597
29982
30079
29729
29721
29910
29727
29992
29950
29959
29838
29995
29831
29675
29964
29861
29829
29669
29855
29985
29952
29777
29985
29767
29948
29913
29876
29708
29793
29936
29812
29889
29763
29744
29802
29931
29847
29886
30075
29967
29803
30112
29921
29651
29869
30113
29694
29797
30057
29962
29856
29700
29983
29726
29949
29908
29760
29775
30047
29841
29935
29883
29915
29864
29888
29821
29822
29939
29975
29865
29805
29840
29897
29758
29965
29965
29839
29949
29896
29954
29857
30111
30042
30145
29713
29997
30126
30013
29986
30199
30039
29739
30351
29929
30359
29879
29742
30031
29900
30099
30006
29865
29771
29857
30005
29975
29883
30055
30024
30078
30025
30133
29955
29918
29904
29938
30025
29771
30135
30025
30039
30069
30135
30055
29973
30007
30014
30011
30082
30235
30121
29981
30115
29984
30173
29964
30055
30030
30098
30202
29908
30005
30227
29981
29857
30214
30011
29969
30006
30147
29943
30177
29946
30037
29883
29937
29943
30002
30225
30103
30018
30291
30269
30141
30062
30253
29914
30057
30099
30193
29984
29935
30094
30128
29893
29894
29993
29931
30005
29953
30018
30062
30267
29865
29994
30117
30441
30109
29875
30163
30128
29967
30065
30120
29824
30104
29960
29905
30025
30178
29809
30071
30209
30025
29937
30213
30132
30093
30047
30103
29917
30108
30239
30103
29927
30118
30345
30150
30017
30255
30057
29936
30160
29970
29939
30215
30112
30163
30253
30242
30113
30191
30199
30077
30306
30033
30232
30207
30079
30173
30111
30117
30135
30133
30317
30320
30399
30001
30155
30053
30142
29951
30071
30157
30039
30349
30354
30064
30224
30102
30266
30023
30351
29951
29991
30050
29995
29894
30045
30087
30131
30010
30226
30071
29901
30217
30060
30107
30247
30101
30137
30014
30335
30326
30199
30388
30363
30174
30043
30413
30022
30125
30277
30599
30049
30245
29998
30029
30438
30491
29993
29837
30608
30474
29739
29973
30250
29988
30271
30155
30020
30125
30385
29949
30214
30101
29701
30017
29737
30250
29945
30933
30521
29800
30561
30677
30430
30169
29987
30144
30178
30309
30343
30275
30107
30524
30432
30195
30125
30413
30253
30151
30385
30263
30162
30115
30027
29801
29984
30343
29799
29614
30249
30089
29962
29928
30180
29833
29902
30109
29973
29881
29973
30303
29897
30198
30079
30243
30259
30321
29815
30054
30214
30286
29753
30141
30011
29981
30129
30201
29941
29769
30171
30245
30228
30388
30514
30210
30516
30401
30303
30386
30437
30574
30351
30359
30403
30227
30487
30439
30292
30258
30439
30557
30301
30573
30533
30290
30422
30523
30272
30389
30250
30581
30469
30535
30552
30425
30496
30725
30357
30361
30606
30440
30338
30461
30391
30410
30379
30390
30419
29995
30427
30390
30359
30609
30432
30417
30467
30517
30493
30217
30384
30549
30470
30409
30711
30245
30407
30417
30305
30627
30694
30501
30470
30529
30643
30299
30471
30809
30638
30287
30224
30531
30321
30589
30672
30191
30232
30516
30525
30212
30038
30270
30120
30519
30695
30282
30107
30294
30185
29858
30051
30599
30379
30407
30676
30167
29989
30261
30425
30049
30114
30195
30170
30407
30327
30639
30523
30843
30462
30453
30338
30397
30092
30137
30278
30095
29945
30359
30510
30109
30150
30979
30491
30154
30438
30198
30243
30471
30432
30171
30277
30485
29927
30031
30435
30351
30339
30215
30461
30165
30307
30443
30129
30129
30449
30198
30490
30330
30462
30389
30578
30565
30471
30547
30777
30591
30574
30542
30443
30411
30609
30581
30514
30479
30540
30573
30589
30686
30653
30325
30640
30741
30519
30471
30630
30893
30561
30546
30914
30478
30403
30832
30605
30381
30620
30822
30582
30539
30675
30485
30451
30622
30437
30341
30503
30829
30510
30745
30551
30357
30386
30676
30073
30591
30653
30411
30422
30167
30111
29787
29605
30451
29940
30495
30215
30587
30151
29425
30875
30333
30181
30407
29885
30442
30113
30522
30242
30407
30158
30284
30375
30421
30083
30408
30345
30429
30047
30295
30505
30139
30001
30569
30335
29827
30571
30502
30300
30123
30197
29959
30219
30495
30049
30118
30150
30413
30199
30279
30435
30059
30338
30556
30086
30119
30562
30253
29870
30233
30501
30153
30071
30587
30344
30046
30302
30641
30283
30228
30341
29899
30133
30435
30160
30047
30231
30615
30081
30199
30421
30156
30459
30470
30217
29879
30137
30315
30421
30459
30653
30545
30403
30558
30682
30433
30489
30703
30505
30449
30777
30405
30327
30733
30569
30651
30375
30613
30414
30188
30724
30413
30057
30349
30784
30344
30479
30713
29742
29823
31072
30621
30613
30200
30326
30468
30189
30345
30265
30627
30809
30213
30499
30281
30623
30339
30261
30688
30413
30535
30620
30259
30409
30661
30573
30691
30339
30438
30188
30142
30382
30242
30475
30367
30475
30497
30488
30431
30523
30391
30492
30375
30394
30399
30495
30173
30367
30429
30307
30254
30659
30457
30268
30408
30410
30311
30310
30306
30282
30500
30590
30333
30402
30287
30579
30255
30389
30794
30326
30423
30912
30643
30485
30631
30811
30519
30598
30789
30529
30605
30541
30764
30581
30667
30703
30413
30678
30777
30476
30558
30655
30453
30433
30615
30595
30603
30449
30731
30593
30535
30585
30723
30647
30522
30680
30345
30693
30742
30567
30644
30627
30582
30467
30634
30585
30477
30419
30548
30480
30449
30699
30401
30616
30565
30677
30530
30560
30848
30300
30563
30560
30460
30461
30591
30615
30538
30483
30690
30603
30573
30568
30441
30478
30337
30757
30545
30608
30693
30481
30329
30643
30739
30442
30430
30849
30417
30464
30737
30563
30618
30698
30450
30383
30457
30604
30385
30273
30673
30401
30545
30625
30561
30355
30433
30610
30423
30612
30584
30367
30465
30591
30534
30372
30629
30585
30525
30690
30573
30411
30286
30377
30709
30567
30349
30523
30546
30581
30535
30722
30125
30297
30611
30221
30434
30345
29889
30132
31037
30290
30327
30291
30396
30478
30057
30614
30630
30259
30143
30381
30153
30277
30439
30405
30644
30687
30301
30204
30159
29206
30697
30301
29702
30250
30314
30179
30003
30121
30283
30226
30219
30581
30489
30211
30237
30435
30149
30118
30468
30149
30110
30133
30398
29990
30037
30467
30034
30293
30278
30259
30193
30356
30279
29961
30471
30327
30210
30251
30261
30339
30057
30175
30475
29998
30217
30279
30135
30128
30281
30136
29994
30336
30837
30065
30266
30437
30056
30363
30356
30518
30119
30279
30405
30302
30472
30528
30290
29984
30285
30400
30164
30221
30357
30378
30172
30367
30200
30212
30399
30334
30181
30406
30342
30251
30077
30511
30099
30393
30311
30108
30222
30365
30565
30298
30534
30694
30586
30550
30717
30622
30398
30633
30665
30457
30565
30876
30441
30517
30742
30535
30570
30643
30691
30491
30737
30575
30669
30513
30727
30892
30705
30333
30577
30545
30786
30593
30447
30583
30477
30653
30561
30571
30617
30553
30635
30518
30533
30724
30669
30715
30528
30391
30843
30678
30594
30824
30785
30675
30545
30570
30593
30873
30868
30558
30679
30725
30701
30545
30818
30626
30448
30551
30830
30557
30466
30733
30797
30841
30836
30751
30716
30852
30744
30661
30619
30551
30587
30833
30592
30717
30776
30743
30883
30368
30769
30893
30859
30912
30868
30969
30487
30282
30735
30633
30723
30824
30628
30633
30851
31036
30678
30202
30693
30647
30487
30747
30758
30434
30466
30677
30579
30855
30465
30536
30551
30839
30701
30465
30621
30907
30131
30435
30819
30381
30263
30684
29819
30964
30981
31255
30059
30733
31093
30732
30804
31128
30711
30267
29747
30417
30138
30849
30641
30655
30704
30851
30797
30656
30638
30895
30825
30989
30659
30459
30135
30465
30609
30493
30422
30660
30743
30805
30894
30697
30765
31043
30750
30708
30506
30746
30448
30407
30891
30230
30368
30991
30942
30765
30559
30967
30521
30477
30674
30461
30483
30832
30918
30379
30513
30851
30635
30578
30903
30573
30599
30695
30708
30353
30643
30687
30483
30605
30959
30450
30479
30887
30655
30564
30778
30677
30301
30696
30680
30671
30305
30647
30901
30361
30393
30861
30604
30455
30875
30385
30493
30701
30863
30439
30324
30806
30379
30508
30625
30681
30533
30552
30758
30512
30769
30785
30397
30669
30713
30427
30438
30642
30793
30405
30565
30635
30377
30359
30807
30603
30661
30781
30714
30551
30665
30862
30719
30625
31035
30833
30903
31018
31059
30799
31077
31191
30819
30863
31146
30894
30789
30996
30944
30848
30672
31075
30942
30984
31253
31117
31052
30984
31067
30928
30822
31311
30904
31021
30938
31186
30785
30949
31218
30780
31004
30985
30889
30909
31042
31118
31013
30807
31185
30777
30972
31028
30851
30998
31055
31034
30779
31091
31020
30987
30785
31107
30981
31206
31001
31169
30910
30935
30949
31004
30883
31089
30930
31085
31053
30955
30855
30935
31065
30861
30903
31031
30811
31170
31336
30965
30959
31127
31056
30858
31038
31073
30987
30933
31055
31051
31010
31124
31012
30945
31083
31078
30759
30961
31069
31346
30853
30858
31250
31147
31071
31080
30792
31029
31166
30879
31022
31099
30942
31008
31098
31181
31030
31197
30987
31064
30769
30929
31047
31142
30999
30997
31131
30953
31031
30843
31112
30926
30896
30821
31005
31063
31126
31147
30980
31143
30998
31099
30975
31007
30973
30857
30858
31155
30903
30869
31061
30907
30973
30874
31083
31048
31205
30769
30894
31024
31012
30841
30867
30931
30681
30821
30923
30880
30955
30967
30891
30881
30854
30829
30729
30873
30851
31093
30967
30942
30727
30799
30961
30732
30798
30821
30557
30623
30575
30505
30638
30531
30511
30539
30508
30495
30458
30641
30674
30760
30978
30698
30738
30660
30823
30950
30626
30785
30940
30675
30702
30707
30670
30769
30743
30592
30719
30770
30593
30865
30677
30768
30915
30703
30711
30804
30558
30884
30850
30706
30506
30772
30729
30596
30545
30629
30785
30449
30613
30741
30585
30527
30773
30564
30811
30821
30655
30599
30732
30765
30698
30649
30614
30461
30621
30652
30523
30890
30709
30659
30573
30578
30734
30551
30615
30780
30555
30481
30805
30781
30605
30605
30672
30647
30574
30519
30879
30598
30566
30681
30649
30587
30595
30659
30605
30667
30587
30607
30583
30377
30615
30655
30689
30391
30413
30658
30764
30603
30620
30742
30567
30430
30521
30559
30466
30574
30369
30578
30483
30810
30635
30538
30609
30516
30605
30551
30750
30564
30383
30448
30599
30610
30509
30468
30545
30583
30415
30695
30531
30637
30542
30483
30667
30329
30401
30535
30529
30569
30637
30383
30465
30570
30495
30656
30617
30781
30785
30653
30640
30463
30553
30577
30600
30506
30617
30427
30517
30648
30707
30659
30581
30534
30735
30551
30777
30589
30445
30637
30673
30717
30694
30601
30791
30488
30731
30717
30694
30655
30759
30739
30621
30711
30908
30668
30613
30855
30546
30609
30589
30973
30679
30762
30722
30610
30805
30649
30715
30695
30626
30820
30872
30603
30769
30690
30501
30679
30917
30819
30466
30697
30763
30810
30639
30627
30771
30687
30685
30787
30758
30951
30702
30691
30664
30701
30640
30811
30546
30833
30770
30755
30647
30639
30775
30860
30774
30947
30829
30730
30707
30890
30769
30667
30758
30848
30923
30790
30871
30627
30727
30811
30637
30735
30732
30691
30692
30678
30756
30822
30847
30764
30595
30597
30751
30641
30773
30730
30663
30770
30641
30961
30596
30730
30741
30603
30626
30698
30844
30782
30732
30709
30681
30974
30950
30902
30810
30895
30772
30745
30577
30804
30705
30678
30695
30619
30768
30697
30600
30748
30695
30688
30724
30643
30690
30707
30522
30432
30629
30707
30621
30631
30679
30658
30747
30576
30500
30469
30613
30488
30751
30686
30583
30595
30409
30717
30722
30436
30764
30677
30807
30652
30507
30535
30815
30525
30784
30708
30623
30585
30645
30587
30474
30484
30546
30393
30551
30609
30541
30661
30764
30688
30596
30270
30685
30359
30596
30529
30746
30414
30560
30679
30611
30753
30822
30774
30593
30627
30666
30509
30500
30826
30555
30603
30725
30510
30697
30612
30615
30426
30685
30847
30696
30669
30618
30685
30662
30653
30729
30684
30471
30651
30452
30871
30415
30694
30693
30740
30700
30566
30598
30761
30592
30755
30755
30616
30782
30719
30741
30647
30642
30757
30719
30627
30647
30777
30860
30781
30982
30823
30859
30873
30925
30654
30829
30749
30695
30988
30745
30719
30636
30784
30732
30760
30890
31074
30794
30663
30922
30787
30823
30828
30717
30729
30621
30853
30660
30723
30903
30973
30695
30793
30753
30749
30867
30823
30830
30875
30879
30739
30999
30888
30781
30804
30974
30998
30751
30931
30986
31103
30791
30884
30933
30892
30871
31075
31031
30611
30999
30806
31125
30881
31033
30852
31013
31068
31051
30866
30990
30839
30873
30809
30927
31024
30781
30862
31009
30979
30967
30795
30982
31061
31008
30791
30919
31049
30999
30883
30993
30913
30974
31006
31098
30913
31061
30914
30870
30953
31031
31065
30995
30868
30944
31025
31047
31037
31085
30914
30917
31006
31200
30904
30865
30883
30989
31137
31158
31037
30971
30955
31031
31047
31179
30883
31075
31018
30897
31215
31143
31126
30877
31175
31131
31187
30904
31144
30873
31025
30799
31127
30965
30898
30982
30836
31081
31303
31083
30943
31049
30983
31193
31155
31289
31155
31023
31047
31047
30946
31115
31206
31151
31232
31205
31074
31146
31285
30994
31077
31231
31141
31108
30952
31295
31225
31199
31215
31035
31051
31219
30974
31122
31124
31121
31127
31341
31275
31269
31200
31109
31118
31136
31289
31219
31137
31142
31253
31259
31041
31203
31419
31182
31241
31185
31209
31133
31029
31205
31151
31062
31153
31407
31337
31271
31111
31235
31191
31203
31199
31255
31253
31142
31035
31110
31259
31087
31357
31153
31228
31147
31156
31294
31063
31039
31197
31127
31170
31359
31363
31332
31132
31087
31361
31290
31292
31061
31319
31298
31319
31239
31111
31065
31144
31203
31289
31285
31317
31127
30983
31252
31243
31297
31416
31285
31213
31138
31302
31163
31137
31207
31493
31177
31329
31265
31265
31220
31345
31145
31183
31286
31349
31293
31111
31162
31298
31361
31343
31176
31279
31309
31149
31258
31243
31251
31166
31538
31451
31384
31156
31391
31109
31253
31225
31415
31077
31211
31413
31239
31245
31274
31362
31121
31399
31224
31363
31474
31113
31261
31441
31363
31329
31325
31494
31486
31315
31318
31305
31270
31267
31285
31255
31178
31278
31403
31196
31389
31240
31463
31316
31489
31385
31181
31447
31426
31371
31283
31225
31332
31371
31221
31506
31173
31185
31454
31411
31393
31245
31425
31412
31265
31412
31243
31441
31447
31333
31315
31363
31434
31255
31435
31319
31196
31230
31383
31314
31324
31427
31433
31392
31457
31454
31305
31300
31187
31405
31083
31267
31311
31257
31432
31372
31459
31309
31558
31251
31189
31524
31306
31514
31445
31376
31226
31386
31243
31486
31436
31186
31244
31205
31099
31158
31515
31269
31493
31425
31303
31512
31457
31438
31326
31598
31263
31463
31329
31270
31361
31249
31293
31320
31295
31375
31293
31221
31436
31326
31308
31421
31385
31413
31376
31369
31278
31219
31484
31385
31481
31279
31476
31437
31479
31527
31447
31222
31431
31192
31213
31446
31327
31459
31351
31429
31373
31487
31308
31409
31278
31338
31421
31319
31319
31580
31315
31225
31235
31485
31473
31595
31378
31482
31372
31433
31182
31357
31463
31385
31151
31351
31297
31509
31356
31415
31305
31204
31207
31490
31315
31604
31357
31470
31481
31494
31330
31497
31605
31337
31458
31371
31183
31244
31275
31582
31221
31489
31336
31347
31362
31419
31392
31247
31251
31449
31309
31191
31347
31401
31511
31441
31264
31407
31438
31334
31357
31487
31254
31335
31271
31552
31316
31415
31389
31397
31337
31429
31371
31373
31297
31224
31461
31530
31362
31401
31435
31408
31478
31480
31265
31495
31414
31459
31601
31355
31468
31528
31401
31433
31388
31606
31582
31557
31277
31273
31466
31434
31441
31646
31460
31561
31593
31355
31451
31710
31480
31359
31489
31565
31479
31462
31549
31345
31355
31431
31471
31633
31453
31393
31412
31523
31475
31453
31449
31521
31414
31491
31473
31239
31493
31537
31474
31309
31338
31529
31405
31456
31382
31445
31232
31341
31559
31345
31433
31706
31535
31276
31426
31667
31422
31733
31405
31342
31210
31497
31393
31473
31619
31623
31415
31405
31678
31392
31521
31433
31613
31444
31662
31476
31310
31425
31573
31379
31325
31648
31557
31338
31559
31538
31560
31648
31535
31467
31541
31528
31477
31533
31407
31645
31387
31328
31519
31483
31545
31398
31509
31484
31431
31532
31405
31593
31373
31536
31491
31481
31391
31564
31527
31559
31383
31429
31614
31273
31416
31683
31325
31527
31435
31595
31340
31675
31554
31471
31484
31525
31662
31521
31459
31691
31595
31702
31585
31518
31655
31570
31470
31643
31457
31461
31495
31334
31744
31365
31479
31673
31671
31605
31429
31547
31433
31318
31587
31410
31478
31523
31393
31357
31365
31599
31565
31524
31415
31544
31390
31465
31454
31257
31304
31561
31515
31621
31428
31419
31334
31477
31432
31269
31696
31577
31433
31442
31585
31429
31389
31661
31485
31614
31357
31655
31269
31588
31541
31546
31331
31489
31486
31348
31485
31383
31382
31348
31534
31382
31276
31502
31560
31358
31418
31591
31481
31287
31531
31338
31697
31486
31390
31490
31503
31555
31367
31352
31588
31550
31533
31501
31523
31299
31465
31569
31377
31323
31405
31693
31318
31534
31487
31446
31545
31631
31364
31329
31437
31497
31493
31511
31449
31373
31725
31405
31365
31341
31304
31238
31633
31487
31491
31437
31377
31527
31525
31367
31271
31383
31412
31634
31502
31552
31522
31341
31412
31403
31189
31411
31345
31417
31313
31381
31515
31549
31297
31191
31410
31521
31323
31310
31366
31407
31372
31288
31327
31438
31323
31593
31319
31523
31308
31457
31473
31515
31352
31235
31288
31336
31204
31237
31243
31361
31219
31337
31274
31332
31333
31358
31274
31287
31223
31413
31473
31302
31059
31177
31438
31137
31280
31206
31561
31238
31387
31284
31117
31200
31067
31223
31416
31336
31243
31237
31277
31221
31386
31071
31083
31115
31186
31359
31006
31202
31139
31269
31294
31160
31031
31065
31289
31215
31292
30965
31321
31095
30963
31005
31222
31299
31223
31068
30992
31003
30882
31155
31255
30889
31056
31223
31081
31075
31047
31025
31069
30965
31007
30905
31069
31009
31155
31053
31115
31135
31034
31023
31045
31146
30985
31099
31078
30995
31135
30917
31115
30961
31041
30764
30938
31073
31146
30889
30961
30961
31113
30813
30993
31084
30895
31158
30934
30895
31079
31020
31244
30822
30917
31089
30918
30875
30972
30997
30986
30811
30901
30939
30981
30870
30923
30940
30895
30761
30935
30791
30767
30964
30953
30954
31013
30893
30675
31075
31191
31029
30925
30887
31041
30963
30809
30872
30805
30914
31005
30966
30879
30780
31129
31004
31022
30899
30730
30843
31023
30745
30869
30884
31063
30769
30987
30993
31043
30944
30939
30881
30802
30935
30837
30954
30928
30937
30985
30964
30965
30928
30726
30999
31000
30873
31062
30971
30826
30924
30904
31038
30962
31177
31069
30937
30710
30841
30850
31006
30893
30804
31123
31043
30973
30810
31014
31088
30975
30948
30873
30918
30919
30907
30810
30916
30819
30967
30735
30802
31052
30766
30932
30871
30987
30875
30982
31062
30819
30771
30847
30918
31054
30997
30988
30993
30975
31127
30896
30866
31143
30983
30723
30780
30743
30925
31057
30983
31015
31077
30873
30947
30849
30987
31156
30967
30854
31126
30912
31050
30855
31033
31022
31033
30946
30875
30922
31025
30827
31143
30840
30919
30857
30991
31143
31124
31063
30935
30794
30912
31050
30930
31178
31113
30961
30862
30915
30962
31117
30915
31025
30976
30967
30834
31005
31140
30897
30993
30911
30872
31013
30928
30947
31138
31121
30828
30757
30999
30898
30978
31143
31071
31176
30811
30908
31164
31168
31021
31105
31045
31213
30983
30953
31057
31128
30986
31103
30964
31032
30983
31011
31047
31133
31125
30967
30889
31089
31083
31065
30985
30915
30860
31072
30966
31287
30892
31158
31059
30968
31032
31140
31149
31041
31139
31113
30891
31097
31278
30984
31041
31297
31032
30989
30913
31065
31067
30973
31060
31209
31086
31198
31133
31177
31035
31109
31248
31215
31259
31002
30997
31083
31182
31225
31057
31111
31143
31379
31001
31166
31204
31157
31039
31105
31130
31120
31017
31073
31302
31033
31023
31205
31223
31060
31096
31281
31162
31271
31005
31092
31281
31294
31158
31159
31085
31185
31153
31157
31183
31419
30993
31365
31122
31116
31191
31293
31179
31156
31313
31149
31186
31275
31085
31310
31311
31424
31457
31149
31165
31084
31132
31421
31220
31265
31201
31413
31250
31186
31266
31223
31261
31111
31348
31232
31144
31236
31231
31159
31450
31263
31331
31406
31421
31179
31383
31325
31375
31235
31381
31276
31370
31225
31201
31335
31172
31155
31344
31351
31145
31148
31286
31329
31291
31297
31262
31255
31192
31443
31271
31433
31219
31458
31486
31334
31187
31475
31225
31484
31527
31413
31190
31480
31355
31299
31074
31263
31073
31318
31233
31373
31361
31244
31253
31143
31438
31455
31542
31303
31269
31493
31433
31323
31270
31204
31253
31355
31344
31277
31316
31528
31237
31393
31403
31243
31489
31350
31354
31349
31227
31287
31431
31304
31336
31287
31143
31158
31299
31503
31404
31263
31271
31555
31403
31347
31449
31330
31353
31568
31413
31308
31273
31272
31360
31544
31454
31268
31533
31566
31579
31438
31458
31444
31432
31200
31267
31350
31486
31379
31387
31313
31161
31331
31454
31405
31394
31491
31403
31316
31569
31315
31549
31354
31461
31188
31598
31377
31348
31405
31306
31601
31359
31426
31525
31458
31395
31333
31443
31427
31568
31365
31281
31354
31477
31251
31310
31397
31341
31381
31332
31350
31484
31377
31351
31493
31415
31309
31501
31579
31380
31486
31403
31596
31488
31416
31374
31667
31495
31325
31360
31445
31509
31434
31385
31637
31575
31481
31319
31413
31524
31627
31483
31513
31515
31479
31544
31411
31385
31513
31510
31453
31185
31491
31363
31301
31500
31658
31567
31357
31437
31429
31402
31546
31511
31484
31545
31524
31632
31414
31388
31471
31487
31400
31447
31621
31671
31691
31513
31442
31665
31547
31508
31413
31524
31505
31341
31456
31620
31643
31333
31516
31641
31550
31323
31551
31595
31561
31629
31347
31442
31711
31645
31539
31540
31675
31637
31377
31795
31414
31529
31471
31554
31549
31479
31449
31527
31387
31534
31655
31574
31607
31489
31530
31721
31501
31541
31674
31782
31451
31421
31682
31492
31582
31479
31673
31401
31629
31580
31616
31476
31482
31650
31621
31410
31700
31533
31667
31617
31539
31572
31767
31550
31448
31544
31549
31604
31516
31514
31529
31547
31574
31517
31727
31693
31699
31369
31573
31839
31575
31436
31490
31811
31501
31577
31664
31482
31635
31551
31586
31543
31663
31642
31661
31644
31532
31447
31538
31639
31556
31587
31493
31543
31705
31539
31746
31468
31655
31738
31703
31501
31681
31602
31525
31490
31667
31521
31538
31455
31671
31707
31687
31552
31567
31539
31635
31772
31819
31455
31568
31729
31509
31783
31698
31513
31661
31684
31521
31553
31511
31543
31543
31623
31583
31567
31584
31621
31704
31740
31525
31705
31571
31589
31571
31639
31579
31637
31517
31609
31411
31563
31514
31747
31801
31649
31579
31738
31629
31509
31930
31604
31703
31689
31563
31484
31670
31552
31643
31707
31592
31624
31719
31628
31485
31777
31541
31410
31591
31449
31577
31851
31495
31532
31488
31602
31765
31557
31610
31549
31673
31534
31608
31699
31632
31639
31352
31740
31476
31517
31534
31511
31705
31581
31565
31438
31396
31407
31250
31669
31567
31456
31561
31405
31358
31404
31449
31600
31279
31507
31385
31353
31346
31443
31427
31522
31449
31367
31318
31461
31336
31412
31417
31413
31509
31232
31427
31299
31468
31334
31081
31317
31327
31334
31410
31329
31538
31164
31449
31208
31361
31321
31318
31175
31211
31403
31199
31351
31155
31217
30991
31329
31241
31320
31159
31215
31290
31013
31300
31261
31111
30941
31117
31113
31134
31292
31111
31089
31045
31252
30869
30976
31097
31177
31033
31030
31080
30890
30995
31117
31203
30949
31143
30979
31148
31051
31178
31085
30985
31041
31143
30781
31042
31024
30994
31125
31029
30957
30974
31108
31046
31042
30750
30973
30915
31083
30906
30904
30917
31037
31010
31073
30911
30905
31015
30910
30942
31147
31007
31005
30895
30926
30920
30931
30825
30638
31033
30732
30837
30813
31060
30872
30746
30713
30673
30983
30985
30883
30794
30989
30765
30873
30777
30794
30867
30953
30703
30585
30783
30661
30899
30869
30699
30695
30582
30698
30697
30698
30685
30787
30983
30747
30887
30981
30931
30846
30707
30708
30648
30764
30811
30755
30955
30748
30823
30805
30754
30854
30637
30640
30689
30673
30922
30737
30759
30684
30635
30388
30690
30897
30694
30853
30699
30763
30713
30714
30845
30623
30935
30828
30936
30684
30857
30688
30790
30699
30513
30743
30582
30803
30712
30650
30724
30795
30831
30635
30959
30888
30903
30890
30748
30704
30576
30714
30810
30770
30827
30918
30711
30743
30777
30835
30820
30681
30749
30715
30821
30729
30747
30829
30701
30715
30753
30653
30776
30797
30841
30737
30777
30967
30889
30873
30689
30759
30562
30613
30723
30800
30825
31005
30897
30658
30793
30832
30677
30719
30783
30905
30721
30829
30692
30895
31003
30869
30864
30757
30922
30786
30872
30805
30738
30583
30950
30884
30814
30807
31033
30837
30714
30889
30821
30825
31025
30781
30864
30687
30773
30903
30733
30977
30855
30727
30634
30818
30785
30789
30705
31101
30855
30856
31001
30884
30793
30752
30822
30887
31019
31007
30925
30807
30766
30803
30717
30747
30763
30775
30982
31006
30867
30841
30856
31010
30931
30975
30841
30830
30825
30813
30775
30741
30930
30823
30953
30981
30999
30742
30720
30744
30855
30711
30945
30829
30894
30869
30973
30849
30733
30715
30871
30911
30965
30750
30841
30793
30869
30777
30696
30979
30949
31107
30941
31080
30955
30954
30801
30937
30832
30910
30704
30806
31033
30785
31005
30961
31037
30864
30974
30919
30963
31126
31111
30835
30827
31024
30833
30948
30976
31009
31039
30884
31020
30940
31029
30799
31077
30924
31035
30902
30913
30884
31021
30997
31185
31000
30967
31035
31036
31007
30829
31036
30915
30931
30857
30907
30899
30821
31149
31073
30865
31029
31148
31086
30959
31084
30941
30803
30954
31170
30891
30978
31024
30992
30975
30927
31244
31079
30994
31096
31173
31136
30989
31043
31035
30982
31113
31016
31017
30991
31029
30934
31278
31127
31080
31048
31177
31097
31257
31135
31036
31027
30991
31044
31161
31047
31037
31115
31189
31291
31077
31095
30926
31040
31119
31149
31126
31074
31169
31161
30984
31112
31110
31053
31261
31177
31199
31085
30997
31139
31111
31257
31127
31051
31214
31288
31263
31305
31165
31164
31266
30885
31195
31043
31027
31185
31315
31249
31379
31175
31123
31105
31160
31131
31077
31225
31178
31251
31240
31043
31151
31194
31367
31182
31003
31413
31229
31093
31173
31342
31146
31189
31318
31168
31244
31134
31261
31131
31281
31416
31185
31349
31233
31130
31179
31125
31109
31036
31119
31010
31230
31254
31159
31343
31200
31176
31275
31179
31366
31339
31304
31198
31235
31157
31267
31163
31368
31207
31036
31115
31247
31293
31458
31358
31235
31243
31342
31215
31138
31188
31086
31280
31175
31077
31324
31378
31215
31225
31231
31029
31314
31189
31253
31369
31237
31133
31246
31109
31397
31275
31375
31041
31132
31328
31238
31349
31378
31094
30881
31336
31363
31297
31235
31329
31453
31135
31211
31298
31331
31258
31217
31121
31227
31482
31247
31317
31433
31149
31266
31468
31565
31525
31499
31352
31301
31217
31335
31175
31315
31432
31372
31408
31273
31273
31308
31343
31475
31478
31237
31425
31507
31342
31515
31111
31461
31325
31463
31144
31427
31535
31266
31313
31266
31257
31201
31321
31351
31496
31223
31549
31376
31285
31381
31417
31375
31273
31479
31274
31367
31353
31474
31311
31438
31483
31195
31565
31573
31215
31349
31399
31572
31382
31412
31581
31415
31299
31511
31618
31641
31435
31178
31434
31548
31502
31363
31253
31463
31419
31620
31397
31449
31407
31397
31419
31486
31361
31379
31409
31503
31381
31418
31367
31285
31459
31345
31339
31479
31417
31472
31508
31481
31305
31266
31331
31253
31461
31425
31113
31487
31401
31353
31355
31453
31669
31577
31381
31323
31379
31293
31494
31497
31421
31514
31361
31265
31254
31499
31445
31263
31276
31503
31509
31197
31424
31489
31628
31274
31451
31370
31405
31424
31407
31373
31255
31352
31339
31322
31491
31361
31531
31577
31388
31387
31523
31178
31303
31411
31422
31423
31583
31309
31182
31322
31450
31512
31269
31327
31351
31337
31425
31319
31245
31286
31462
31248
31397
31459
31467
31258
31420
31504
31336
31348
31427
31518
31218
31350
31553
31523
31486
31466
31278
31432
31358
31493
31442
31520
31395
31559
31351
31433
31356
31193
31450
31499
31447
31357
31459
31460
31361
31469
31365
31174
31339
31411
31409
31245
31847
31479
31229
31386
31333
31399
31474
31478
31291
31382
31297
31385
31402
31485
31312
31346
31347
31437
31217
31351
31464
31275
31323
31431
31494
31268
31299
31387
31312
31465
31193
31185
31306
31357
31431
31230
31359
31249
31355
31262
31300
31351
31235
31236
31271
31156
31357
31343
31260
31314
31383
31250
31232
31294
31367
31347
31422
31197
31321
31461
31479
31313
31503
31360
31193
31212
31441
31254
31258
31551
31386
31395
31281
31349
31419
31382
31467
31375
31375
31393
31275
31254
31363
31308
31380
31291
31415
31339
31387
31493
31363
31174
31426
31429
31458
31308
31385
31381
31400
31645
31392
31263
31220
31472
31255
31335
31302
31545
31491
31262
31287
31353
31586
31312
31381
31251
31250
31289
31488
31242
31329
31422
31292
31433
31236
31285
31445
31319
31265
31306
31297
31345
31403
31207
31290
31373
31317
31229
31402
31347
31383
31117
31473
31523
31414
31325
31244
31425
31310
31205
31387
31396
31253
31386
31329
31223
31407
31313
31270
31495
31436
31268
31229
31333
31265
31167
31075
31205
31293
31369
31289
31083
31261
31470
31408
31212
31311
31333
31296
31337
31207
31106
31317
31288
31199
31325
31287
31355
31058
31305
31352
31345
31111
31106
31214
31287
31420
31490
31255
31229
31261
31225
31303
31141
31243
31045
31345
31467
31271
31309
31129
31284
31338
31147
31313
31284
31185
31322
31349
31285
31246
31274
31263
31291
31255
31094
31313
31307
31194
31167
31257
31202
31384
31307
31209
31219
31335
31287
31307
31081
31164
31133
31157
31221
31135
31184
31322
31337
31327
31195
31321
31140
31242
31261
31146
31195
31211
31362
31031
31209
31223
31220
31157
31072
31302
31279
31188
31329
31311
31114
31263
31305
31409
31307
31145
31362
31203
31241
31329
31317
31246
31226
31181
31259
31061
31134
31305
31241
31292
31329
31231
31228
31309
31176
31365
31221
31153
31383
31170
31131
31253
31343
31326
31293
31145
31317
31237
31225
31397
31456
31301
31219
31293
31230
31401
31301
31381
31121
31442
31487
31270
31201
31353
31373
31326
31227
31323
31332
31282
31499
31238
31216
31429
31339
31165
31351
31435
31256
31377
31276
31211
31017
31292
31421
31564
31209
31505
31360
31327
31431
31361
31269
31265
31144
31450
31223
31285
31349
31315
31274
31550
31432
31143
31443
31295
31315
31415
31236
31487
31232
31200
31159
31375
31550
31374
31267
31393
31549
31246
31410
31348
31254
31277
31444
31194
31317
31371
31365
31340
31341
31362
31445
31446
31417
31293
31172
31403
31382
31505
31366
31346
31509
31259
31317
31619
31391
31136
31524
31402
31495
31393
31331
31436
31273
31509
31400
31286
31453
31443
31563
31309
31515
31312
31455
31538
31376
31413
31465
31473
31512
31295
31423
31303
31287
31397
31385
31385
31461
31493
31420
31358
31369
31377
31469
31461
31277
31403
31545
31548
31370
31328
31277
31558
31479
31425
31453
31372
31453
31534
31549
31512
31592
31563
31461
31557
31480
31406
31418
31441
31438
31596
31479
31351
31495
31631
31686
31408
31337
31531
31659
31414
31425
31617
31719
31447
31548
31425
31605
31447
31676
31531
31509
31545
31510
31578
31333
31455
31531
31689
31516
31435
31809
31527
31521
31402
31721
31621
31707
31541
31613
31385
31652
31407
31522
31662
31634
31561
31575
31628
31671
31561
31513
31638
31547
31421
31611
31681
31657
31508
31647
31575
31449
31382
31590
31524
31579
31616
31593
31350
31488
31573
31589
31425
31552
31595
31611
31556
31457
31628
31618
31620
31483
31625
31614
31698
31783
31568
31774
31444
31438
31453
31624
31545
31256
31735
31571
31660
31587
31540
31502
31624
31627
31468
31559
31793
31506
31438
31740
31515
31674
31577
31651
31630
31537
31623
31621
31851
31666
31667
31652
31601
31591
31534
31518
31761
31499
31527
31625
31893
31617
31573
31576
31518
31534
31519
31555
31667
31566
31562
31495
31485
31617
31624
31684
31561
31608
31753
31486
31608
31591
31735
31758
31499
31643
31685
31490
31506
31613
31707
31482
31573
31678
31465
31513
31729
31853
31696
31569
31674
31447
31801
31475
31348
31684
31650
31714
31602
31615
31692
31566
31553
31729
31710
31611
31597
31543
31605
31576
31775
31599
31592
31581
31698
31737
31737
31551
31541
31589
31603
31534
31578
31721
31665
31738
31479
31905
31594
31549
31506
31441
31461
31560
31823
31548
31600
31645
31650
31617
31579
31519
31445
31801
31621
31590
31425
31563
31666
31541
31486
31272
31608
31566
31647
31463
31492
31323
31533
31596
31635
31485
31441
31539
31491
31501
31523
31646
31467
31549
31783
31618
31395
31476
31433
31554
31639
31663
31524
31742
31742
31441
31443
31634
31543
31442
31612
31559
31511
31583
31653
31405
31450
31489
31437
31364
31317
31534
31414
31694
31740
31439
31494
31487
31558
31338
31456
31489
31323
31504
31673
31230
31531
31525
31478
31622
31569
31581
31440
31439
31345
31165
31292
31642
31245
31503
31521
31323
31165
31498
31685
31387
31255
31462
31338
31427
31515
31456
31393
31417
31561
31256
31229
31349
31333
31223
31485
31475
31243
31312
31432
31207
31285
31473
31401
31351
31462
31361
31354
31372
31688
31207
31344
31381
31395
31407
31301
31346
31262
31286
31381
31243
31448
31465
31449
31457
31389
31443
31015
31222
31591
31179
31477
31481
31293
31269
31381
31437
31409
31505
31573
31242
31327
31545
31220
31269
31388
31376
31159
31498
31689
31484
31307
31575
31358
31239
31425
31365
31075
31229
31491
31441
31368
31597
31420
31253
31618
31419
31111
31538
31538
31257
31051
31541
31482
31203
31339
31671
31410
31361
31458
31272
31331
31399
31402
31223
31424
31310
31019
31379
31479
31429
31473
31479
31272
31087
31317
31504
31351
31365
31617
31319
31325
31365
31380
31208
31448
31423
31331
31450
31628
31207
31235
31541
31619
31364
31488
31556
31353
31309
31347
31241
31339
31459
31323
31405
31474
31411
31329
31384
31297
31307
31238
31405
31447
31456
31340
31469
31527
31461
31427
31325
31233
31471
31369
31347
31378
31307
31419
31313
31311
31455
31273
31539
31273
31444
31425
31465
31337
31469
31381
31473
31216
31403
31525
31227
31585
31325
31372
31294
31235
31176
31169
31325
31521
31208
31185
31347
31234
31212
31265
31249
31113
31259
31389
31028
31433
31431
31138
31069
31301
31145
31249
31101
31201
30963
31271
31305
31239
31049
31141
31038
30937
31187
31317
31304
31149
31159
30995
31123
31199
31307
31043
31160
31265
30900
31176
31226
30901
31125
31150
31079
30879
31079
31277
31092
31248
31260
31125
30993
31149
30770
31053
31114
31209
30975
31281
31210
30977
31056
31240
31088
30987
31147
31167
31066
31029
31223
31187
31036
31179
31187
30987
31107
31077
31167
31065
31149
30926
31023
31131
31092
30891
31057
31078
31128
31131
31011
31175
31005
31182
31165
30959
30949
31247
31250
31127
31322
31289
31099
31121
31184
30767
31370
31424
31117
31149
31115
31265
31073
31122
31164
31085
30983
31057
30894
30857
30964
31073
31025
30899
31102
31023
30973
31282
31155
30930
31179
30770
31097
30951
31010
30782
31141
31075
30997
30937
31099
31143
30897
30983
31180
31062
30986
31153
31081
31127
31038
31229
30825
31443
31173
30971
30931
31071
30950
30955
31097
31150
30914
31093
31071
30907
31101
31249
30981
31133
31090
31239
30871
31063
31021
30934
30962
30991
30870
30895
31140
31055
30887
31076
31157
30870
31106
31009
31091
30947
31182
30996
30868
30952
31137
30926
30855
31095
31089
30973
31024
31141
30978
31036
31105
31003
30951
31052
30649
31036
31143
31041
30971
31103
31134
30884
30784
31006
31044
31079
30924
30903
30885
30985
31063
30860
31081
31194
31165
31141
31108
31257
31047
31210
31142
30976
30835
31180
31078
30855
31096
31062
31103
31203
31281
30937
31105
30905
31091
31057
31100
31187
30757
31036
31135
30919
30941
31189
31199
30959
30966
31155
31095
31040
31216
31186
30973
31136
31297
31035
31043
31198
30869
31333
31117
30955
30994
31025
31046
30898
31147
31077
31185
31305
31147
31361
31128
31123
31172
30967
31172
31003
31183
31094
31250
31107
30964
31033
31052
30935
31242
31327
31107
31007
31152
31059
31053
31387
30931
31000
30945
31140
30987
31209
31199
31156
31234
31361
31031
31083
31337
31204
30977
31236
31331
30999
30961
31121
31284
31052
31121
31049
30903
31239
31183
31106
31105
31316
31437
31029
31225
31294
31300
30739
31275
31292
31175
31129
31438
31181
31202
31339
30977
30981
31163
31379
31056
31145
31123
31077
31049
31469
31139
31070
31129
31288
31138
31185
31207
31102
31074
31243
31085
31076
31359
31196
31060
31151
31232
31257
31311
31284
31135
31378
31367
31263
31224
31260
31395
31002
31300
31237
31295
31191
31250
31371
31263
31335
31409
31003
31161
31395
31225
31280
31164
31175
31031
31259
31323
31176
31117
31349
31412
31344
31336
31222
31144
31339
31497
31176
31205
31325
31279
31350
31295
31385
31210
31201
31529
31173
31208
31363
31338
31200
31469
31540
31148
31401
31422
31207
31445
31330
31443
31222
31191
31517
31121
31485
31606
31264
31186
31538
31526
31452
31269
31261
31306
31503
31335
31242
31421
31211
31396
31281
31387
31411
31429
31539
31559
31229
31273
31606
31287
31328
31602
31460
31329
31507
31523
31281
31164
31289
31297
31285
31501
31431
31357
31437
31452
31479
31575
31498
31449
31251
31514
31507
31337
31643
31613
31364
31377
31447
31389
31255
31377
31631
31292
31303
31312
31557
31335
31601
31199
31396
31396
31566
31302
31414
31553
31453
31222
31536
31393
31381
31357
31453
31163
31297
31662
31261
31385
31513
31529
31292
31287
31713
31307
31337
31405
31409
31367
31463
31354
31332
31401
31418
31246
31303
31335
31254
31163
31342
31177
31430
31467
31541
31279
31436
31455
30989
31417
31393
31249
31267
31275
31319
31189
31338
31495
31174
31333
31445
31287
31087
31300
31367
31189
31186
31237
31451
31102
31320
31301
31135
31138
31287
31061
31181
31423
31243
31220
31189
31415
31147
31245
31273
31101
31175
31429
31249
31056
31319
31295
31127
31191
31178
31260
31296
31257
31141
31211
31347
31263
31111
31128
31180
31148
31039
31147
31042
31163
31151
31376
30951
31133
31328
31020
31072
31293
31102
31159
31095
31237
30987
31043
31255
31166
31085
31313
31119
30985
31211
31144
31006
31014
31189
30976
31261
31177
31131
31165
31187
31062
31132
31017
31290
31181
31292
31089
31065
30964
31019
31331
31149
30946
31307
31001
30946
31108
31087
30914
30991
30846
30975
31018
30851
30958
30858
30892
30913
31064
31191
30813
30786
30861
30891
31066
30851
31159
30905
30874
31019
30807
30711
30903
30913
30767
30787
30866
31069
30819
30755
30923
30991
31056
31104
30801
30893
31036
30822
30738
30869
30935
30802
30757
31027
30674
30701
30967
30818
30762
30755
30853
30713
30700
30915
30781
30925
30807
30817
30831
30823
30897
30704
30811
30907
30843
30899
30979
30804
30858
31157
31001
30982
30801
30747
30958
30924
31149
31037
30752
30757
30945
30807
30850
31072
31078
30827
30877
30966
30891
30970
30961
30897
30869
30859
30802
30972
30996
31054
30835
30757
30986
30884
30916
30809
30825
30853
31000
31081
30755
30821
30856
30971
30887
30831
30741
30771
30735
30999
30728
30829
31007
30983
30763
31011
30875
30713
31062
30906
30885
30863
30982
30985
30722
30956
30839
30882
31002
30846
30935
30914
30962
30756
30916
31051
30775
30939
30945
31141
30864
30880
30993
31106
30861
31009
30856
30809
31149
30877
30697
31046
30991
30743
30991
31091
30779
30635
30768
30811
31053
30839
30841
30801
30775
31049
30843
30861
30789
31077
30732
30895
30827
30898
30873
30797
31189
30975
30807
31023
30634
30892
30935
31101
30834
31045
31035
30849
30941
31039
31005
31022
31033
30946
31114
30961
30871
30806
31041
30975
31020
31045
31059
31017
31099
31125
30967
30985
31127
30848
31194
30940
30965
30970
31101
31183
31249
30965
31036
31070
30899
31163
31045
31327
30903
31181
31167
31045
31249
31101
31079
30855
31056
31060
31024
31075
31065
31045
31091
31283
31001
31176
30959
30963
31151
31149
31014
31151
31023
30983
31134
31255
31142
31219
31127
31223
31166
31164
31176
31127
31122
31151
31195
31242
31067
31206
31355
31171
31293
31311
31171
31266
31218
31180
31125
31389
31494
31238
31306
31127
31182
31375
31125
31051
31149
31333
31380
31137
31111
31242
31403
31177
31308
31517
31212
31222
31379
31490
31166
31463
31327
31470
31301
31270
31394
31429
31454
31262
31539
31490
31491
31491
31337
31462
31341
31396
31353
31463
31470
31475
31552
31574
31399
31600
31539
31831
31562
31461
31565
31497
31397
31569
31442
31711
31442
31670
31627
31586
31455
31431
31373
31456
31563
31642
31325
31446
31494
31602
31490
31711
31773
31623
31575
31604
31673
31861
31751
31551
31518
31543
31759
31523
31574
31695
31669
31897
31595
31788
31634
31645
31639
31529
31737
31879
31667
31699
31538
31718
31711
31648
31699
31627
31749
31737
31580
31659
31610
31743
31971
31453
31689
31678
31770
31634
31491
31678
31799
31736
31901
31647
31732
31619
31724
31847
31820
31875
31812
31673
31698
31800
31646
31885
31680
31913
31821
31641
31873
31575
31671
31817
31826
31595
31693
32032
31829
31781
31825
31833
31823
31745
31765
31893
31767
31842
31789
32075
32085
31808
31829
31635
31853
31898
31777
31882
31746
31649
32049
31675
31943
31834
31866
31897
31807
32004
31709
31794
31940
31859
31717
32051
31783
31881
31840
31900
31979
31897
31904
32030
31806
31896
32049
31801
32021
32017
31852
31815
32061
32049
32030
31845
31991
31946
31713
31974
31959
32059
32031
32007
31991
31926
31754
31911
31977
31931
31993
31908
31981
31850
32081
31937
32022
31883
31837
31986
31842
31942
31822
32073
32065
31847
31995
31973
31882
32035
32147
31875
32033
32253
31855
31970
31999
31873
31991
32291
31906
31949
32083
32058
32105
31953
31991
31980
32200
32103
32165
31959
32057
31945
32037
32022
31986
32069
31934
32156
32174
31923
32029
32235
32156
31993
32141
32046
32014
32120
32095
32041
31979
32223
32022
32007
32168
32135
31966
32189
32097
32231
31963
32137
32127
32184
32097
31853
32094
32255
31940
32027
32010
32037
31904
32122
32185
31991
31851
32229
31927
31976
32105
32104
32076
32107
31872
32017
31922
32202
31881
32009
32115
32078
32019
32023
31948
32183
31922
32061
31937
32053
32202
32158
31803
32170
32233
31979
32140
32035
32215
32079
32029
32027
31945
32151
32393
32028
32104
32063
32265
31916
32010
31998
32041
31906
32075
32045
31853
31889
32149
31874
31975
32017
31991
32114
32166
31976
31814
31984
32136
31916
32223
32137
32102
32118
32023
31983
32038
31959
32053
31915
31972
32023
31939
32018
32327
31918
31828
32014
32067
31935
31967
32121
32043
32147
32250
31774
32025
32113
31915
31791
32054
31989
32032
31910
32049
32027
31955
32003
32054
32076
31895
31997
32049
31940
31945
32016
32023
32009
31968
31997
31851
31967
31779
31986
32105
31952
31945
31915
31862
31803
31944
31949
31946
32186
31771
31939
31945
31963
32043
31977
31852
32146
31960
31863
31949
31975
32098
31889
32005
31879
31838
31919
31988
31869
31853
31970
31773
31924
32117
31871
32049
32119
31991
32007
32127
32109
32021
31961
31797
31915
32060
31901
31959
32140
31960
31924
32042
31921
31928
32021
32045
31916
32046
32005
31725
31896
32071
31922
31973
32047
31879
31927
31889
31893
31847
32067
31787
31925
31951
32059
31796
32171
32013
31806
31909
31977
31866
31892
32021
31787
31941
32135
31810
32139
32019
31937
31845
31977
32093
31863
31995
32190
31957
31762
31907
32215
31664
31895
31867
32007
31779
31980
31913
32013
32119
32067
31945
32046
31976
31866
32117
32066
31840
32043
31975
31894
32058
32122
32064
31894
31991
32048
31988
31937
32071
32023
31901
32009
32008
32033
31962
31845
31808
31989
32027
31961
31897
31954
31994
31999
32076
31892
32013
31888
31863
32145
31835
32013
31963
31940
31773
32009
31867
31979
31960
32209
32025
31991
32004
31859
32069
32037
31849
32003
31820
32186
31878
31905
31942
31935
31993
32110
32003
31975
31932
31879
32050
32034
32163
32109
31977
31956
32007
31911
31803
32157
31991
31865
31934
31939
31902
32117
31909
32034
31939
32240
31846
32225
32039
31839
32073
32139
32025
32051
31959
31975
32008
32104
31930
31976
32036
32052
32040
31841
32239
32010
31905
32002
32120
31931
32128
32121
31981
31994
32105
31977
31965
32130
32137
31933
32101
32124
32006
31848
32191
32189
32042
32007
32116
32002
32128
32219
32158
31778
31853
32062
32026
32283
32261
31926
32044
32111
32153
32125
32143
32199
32049
32193
32220
32265
32211
32127
32236
32008
32166
32203
32214
32025
32223
32083
32133
32297
32181
31952
32149
32119
32117
32239
32013
32015
31947
32159
32022
32197
32082
32264
32132
32201
32138
32112
32273
32271
32274
32055
32093
32139
32161
32557
32172
32211
32103
32202
32086
32184
32054
32136
32011
32125
32153
32253
32142
32359
32260
31927
32401
32082
32202
32237
32340
32078
32137
32216
32075
32132
32173
32222
32115
32051
32252
32183
32187
32263
32085
32232
32103
32188
32048
32272
32046
32069
32055
32033
32311
32119
32177
32245
32131
32271
32179
32428
32228
32107
32072
32033
32165
32274
32082
32366
32195
32351
32306
32135
32295
32239
32242
32136
32181
32119
32179
32331
32299
32295
32282
32282
32097
32247
32258
32029
32387
32160
32431
32195
32215
32143
32120
32306
32295
32171
32268
32115
32006
32332
32311
32151
32277
32365
32252
32089
32321
32249
32476
32361
32167
32173
32257
32285
32237
32243
32070
32301
32167
32405
32339
32219
32137
32388
32310
32325
32203
32468
32187
32539
32191
32352
32282
32499
32166
32221
32396
32133
32336
32189
32224
32341
32369
32165
32285
32199
32350
32465
32201
32435
32402
32212
32279
32177
32322
32167
32326
32599
32335
32415
32375
32179
32151
32357
32455
32357
32265
32468
32269
32104
32400
32499
32521
32309
32281
32214
32321
32466
32375
32331
32456
32343
32429
32533
32195
32325
32231
